Bruker BioSpin GmbH: the minispec
DataType=5
DataLimits=36.5191,18690.6,512
DataUnit=ms,%
c:\nmr relaxation\applications\t2_cpmg.app
07.02.2019 20:01:30

36.51908	85.34798535
73.02418	84.004884
109.52928	82.73504274
146.03438	81.44078144
182.53948	80.14652015
219.04458	78.87667888
255.54968	77.7045177
292.05478	76.45909646
328.55988	75.26251526
365.06498	74.11477411
401.57008	72.91819292
438.07518	71.84371184
474.58028	70.6959707
511.08538	69.5970696
547.59048	68.4981685
584.09558	67.44810745
620.60068	66.37362637
657.10578	65.34798535
693.61088	64.34676435
730.11598	63.39438339
766.62108	62.36874237
803.12618	61.36752137
839.63128	60.43956044
876.13638	59.48717949
912.64148	58.58363858
949.14658	57.65567766
985.65168	56.75213675
1022.15678	55.87301587
1058.66188	55.04273504
1095.16698	54.16361416
1131.67208	53.30891331
1168.17718	52.47863248
1204.68228	51.62393162
1241.18738	50.86691087
1277.69248	50.10989011
1314.19758	49.3040293
1350.70268	48.54700855
1387.20778	47.81440781
1423.71288	47.05738706
1460.21798	46.3003663
1496.72308	45.56776557
1533.22818	44.88400488
1569.73328	44.17582418
1606.23838	43.49206349
1642.74348	42.80830281
1679.24858	42.12454212
1715.75368	41.48962149
1752.25878	40.85470085
1788.76388	40.24420024
1825.26898	39.60927961
1861.77408	38.97435897
1898.27918	38.31501832
1934.78428	37.8021978
1971.28938	37.21611722
2007.79448	36.65445665
2044.29958	36.06837607
2080.80468	35.53113553
2117.30978	34.99389499
2153.81488	34.38339438
2190.31998	33.84615385
2226.82508	33.35775336
2263.33018	32.84493284
2299.83528	32.35653236
2336.34038	31.81929182
2372.84548	31.33089133
2409.35058	30.84249084
2445.85568	30.37851038
2482.36078	29.89010989
2518.86588	29.42612943
2555.37098	28.96214896
2591.87608	28.52258852
2628.38118	28.08302808
2664.88628	27.66788767
2701.39138	27.2039072
2737.89648	26.78876679
2774.40158	26.3980464
2810.90668	26.00732601
2847.41178	25.56776557
2883.91688	25.22588523
2920.42198	24.83516484
2956.92708	24.42002442
2993.43218	24.02930403
3029.93728	23.68742369
3066.44238	23.34554335
3102.94748	22.95482295
3139.45258	22.58852259
3175.95768	22.24664225
3212.46278	21.92918193
3248.96788	21.61172161
3285.47298	21.24542125
3321.97808	20.9035409
3358.48318	20.63492063
3394.98828	20.29304029
3431.49338	19.97557998
3467.99848	19.63369963
3504.50358	19.36507937
3541.00868	19.04761905
3577.51378	18.77899878
3614.01888	18.48595849
3650.52398	18.16849817
3687.02908	17.87545788
3723.53418	17.63125763
3760.03928	17.33821734
3796.54438	17.09401709
3833.04948	16.82539683
3869.55458	16.58119658
3906.05968	16.33699634
3942.56478	16.04395604
3979.06988	15.84859585
4015.57498	15.57997558
4052.08008	15.33577534
4088.58518	15.06715507
4125.09028	14.84737485
4161.59538	14.65201465
4198.10048	14.45665446
4234.60558	14.18803419
4271.11068	14.01709402
4307.61578	13.77289377
4344.12088	13.55311355
4380.62598	13.35775336
4417.13108	13.16239316
4453.63618	12.94261294
4490.14128	12.74725275
4526.64638	12.55189255
4563.15148	12.35653236
4599.65658	12.18559219
4636.16168	11.99023199
4672.66678	11.81929182
4709.17188	11.62393162
4745.67698	11.45299145
4782.18208	11.30647131
4818.68718	11.11111111
4855.19228	10.94017094
4891.69738	10.76923077
4928.20248	10.62271062
4964.70758	10.45177045
5001.21268	10.28083028
5037.71778	10.10989011
5074.22288	9.987789988
5110.72798	9.816849817
5147.23308	9.719169719
5183.73818	9.548229548
5220.24328	9.377289377
5256.74838	9.27960928
5293.25348	9.133089133
5329.75858	8.986568987
5366.26368	8.864468864
5402.76878	8.717948718
5439.27388	8.595848596
5475.77898	8.473748474
5512.28408	8.302808303
5548.78918	8.180708181
5585.29428	8.083028083
5621.79938	7.960927961
5658.30448	7.838827839
5694.80958	7.716727717
5731.31468	7.619047619
5767.81978	7.448107448
5804.32488	7.374847375
5840.82998	7.277167277
5877.33508	7.155067155
5913.84018	7.057387057
5950.34528	6.910866911
5986.85038	6.886446886
6023.35548	6.73992674
6059.86058	6.642246642
6096.36568	6.544566545
6132.87078	6.471306471
6169.37588	6.324786325
6205.88098	6.251526252
6242.38608	6.129426129
6278.89118	6.105006105
6315.39628	5.982905983
6351.90138	5.90964591
6388.40648	5.787545788
6424.91158	5.68986569
6461.41668	5.616605617
6497.92178	5.567765568
6534.42688	5.47008547
6570.93198	5.445665446
6607.43708	5.347985348
6643.94218	5.225885226
6680.44728	5.152625153
6716.95238	5.103785104
6753.45748	5.030525031
6789.96258	4.957264957
6826.46768	4.884004884
6862.97278	4.786324786
6899.47788	4.737484737
6935.98298	4.664224664
6972.48808	4.590964591
7008.99318	4.517704518
7045.49828	4.444444444
7082.00338	4.42002442
7118.50848	4.322344322
7155.01358	4.297924298
7191.51868	4.224664225
7228.02378	4.151404151
7264.52888	4.102564103
7301.03398	4.029304029
7337.53908	3.98046398
7374.04418	3.931623932
7410.54928	3.858363858
7447.05438	3.80952381
7483.55948	3.736263736
7520.06458	3.711843712
7556.56968	3.638583639
7593.07478	3.58974359
7629.57988	3.565323565
7666.08498	3.492063492
7702.59008	3.492063492
7739.09518	3.418803419
7775.60028	3.36996337
7812.10538	3.321123321
7848.61048	3.272283272
7885.11558	3.223443223
7921.62068	3.174603175
7958.12578	3.125763126
7994.63088	3.076923077
8031.13598	3.052503053
8067.64108	3.003663004
8104.14618	2.954822955
8140.65128	2.93040293
8177.15638	2.881562882
8213.66148	2.857142857
8250.16658	2.808302808
8286.67168	2.783882784
8323.17678	2.735042735
8359.68188	2.710622711
8396.18698	2.661782662
8432.69208	2.588522589
8469.19718	2.588522589
8505.70228	2.515262515
8542.20738	2.53968254
8578.71248	2.490842491
8615.21758	2.466422466
8651.72268	2.393162393
8688.22778	2.393162393
8724.73288	2.31990232
8761.23798	2.344322344
8797.74308	2.295482295
8834.24818	2.246642247
8870.75328	2.246642247
8907.25838	2.222222222
8943.76348	2.197802198
8980.26858	2.148962149
9016.77368	2.124542125
9053.27878	2.051282051
9089.78388	2.075702076
9126.28898	2.051282051
9162.79408	2.051282051
9199.29918	1.978021978
9235.80428	1.953601954
9272.30938	1.904761905
9308.81448	1.904761905
9345.31958	1.855921856
9381.82468	1.855921856
9418.32978	1.831501832
9454.83488	1.831501832
9491.33998	1.782661783
9527.84508	1.782661783
9564.35018	1.758241758
9600.85528	1.733821734
9637.36038	1.709401709
9673.86548	1.660561661
9710.37058	1.660561661
9746.87568	1.611721612
9783.38078	1.636141636
9819.88588	1.587301587
9856.39098	1.611721612
9892.89608	1.562881563
9929.40118	1.538461538
9965.90628	1.562881563
10002.41138	1.48962149
10038.91648	1.514041514
10075.42158	1.48962149
10111.92668	1.440781441
10148.43178	1.440781441
10184.93688	1.440781441
10221.44198	1.416361416
10257.94708	1.416361416
10294.45218	1.367521368
10330.95728	1.343101343
10367.46238	1.343101343
10403.96748	1.318681319
10440.47258	1.318681319
10476.97768	1.294261294
10513.48278	1.294261294
10549.98788	1.26984127
10586.49298	1.245421245
10622.99808	1.221001221
10659.50318	1.26984127
10696.00828	1.221001221
10732.51338	1.196581197
10769.01848	1.147741148
10805.52358	1.221001221
10842.02868	1.172161172
10878.53378	1.172161172
10915.03888	1.123321123
10951.54398	1.147741148
10988.04908	1.147741148
11024.55418	1.147741148
11061.05928	1.098901099
11097.56438	1.074481074
11134.06948	1.074481074
11170.57458	1.074481074
11207.07968	1.025641026
11243.58478	1.025641026
11280.08988	1.05006105
11316.59498	1.025641026
11353.10008	1.001221001
11389.60518	0.9768009768
11426.11028	0.9768009768
11462.61538	0.9768009768
11499.12048	0.9523809524
11535.62558	0.9768009768
11572.13068	0.927960928
11608.63578	0.9523809524
11645.14088	0.927960928
11681.64598	0.927960928
11718.15108	0.9035409035
11754.65618	0.9035409035
11791.16128	0.9035409035
11827.66638	0.8547008547
11864.17148	0.8547008547
11900.67658	0.8791208791
11937.18168	0.8791208791
11973.68678	0.8791208791
12010.19188	0.8302808303
12046.69698	0.8547008547
12083.20208	0.8058608059
12119.70718	0.8058608059
12156.21228	0.8302808303
12192.71738	0.8058608059
12229.22248	0.8058608059
12265.72758	0.7814407814
12302.23268	0.7814407814
12338.73778	0.7814407814
12375.24288	0.7814407814
12411.74798	0.757020757
12448.25308	0.7814407814
12484.75818	0.757020757
12521.26328	0.757020757
12557.76838	0.7326007326
12594.27348	0.757020757
12630.77858	0.757020757
12667.28368	0.7326007326
12703.78878	0.7081807082
12740.29388	0.7326007326
12776.79898	0.7081807082
12813.30408	0.7326007326
12849.80918	0.7326007326
12886.31428	0.6837606838
12922.81938	0.7081807082
12959.32448	0.6837606838
12995.82958	0.6837606838
13032.33468	0.6593406593
13068.83978	0.6349206349
13105.34488	0.6837606838
13141.84998	0.6837606838
13178.35508	0.6593406593
13214.86018	0.6593406593
13251.36528	0.6105006105
13287.87038	0.6349206349
13324.37548	0.6105006105
13360.88058	0.6593406593
13397.38568	0.6105006105
13433.89078	0.6349206349
13470.39588	0.6349206349
13506.90098	0.6105006105
13543.40608	0.6349206349
13579.91118	0.5860805861
13616.41628	0.6349206349
13652.92138	0.6349206349
13689.42648	0.5860805861
13725.93158	0.5860805861
13762.43668	0.5860805861
13798.94178	0.6105006105
13835.44688	0.5860805861
13871.95198	0.5616605617
13908.45708	0.6105006105
13944.96218	0.5860805861
13981.46728	0.5616605617
14017.97238	0.5616605617
14054.47748	0.5860805861
14090.98258	0.5616605617
14127.48768	0.5860805861
14163.99278	0.5616605617
14200.49788	0.5372405372
14237.00298	0.5372405372
14273.50808	0.5372405372
14310.01318	0.5616605617
14346.51828	0.5616605617
14383.02338	0.5372405372
14419.52848	0.5616605617
14456.03358	0.5616605617
14492.53868	0.5616605617
14529.04378	0.4884004884
14565.54888	0.5372405372
14602.05398	0.5372405372
14638.55908	0.5128205128
14675.06418	0.5128205128
14711.56928	0.5128205128
14748.07438	0.5616605617
14784.57948	0.5128205128
14821.08458	0.5372405372
14857.58968	0.4884004884
14894.09478	0.4884004884
14930.59988	0.4884004884
14967.10498	0.4884004884
15003.61008	0.5128205128
15040.11518	0.4884004884
15076.62028	0.4884004884
15113.12538	0.463980464
15149.63048	0.4884004884
15186.13558	0.5372405372
15222.64068	0.5128205128
15259.14578	0.5372405372
15295.65088	0.4884004884
15332.15598	0.4884004884
15368.66108	0.4884004884
15405.16618	0.463980464
15441.67128	0.4884004884
15478.17638	0.463980464
15514.68148	0.5128205128
15551.18658	0.4395604396
15587.69168	0.4884004884
15624.19678	0.4884004884
15660.70188	0.463980464
15697.20698	0.463980464
15733.71208	0.463980464
15770.21718	0.4395604396
15806.72228	0.5128205128
15843.22738	0.4395604396
15879.73248	0.463980464
15916.23758	0.4395604396
15952.74268	0.4395604396
15989.24778	0.4884004884
16025.75288	0.463980464
16062.25798	0.5128205128
16098.76308	0.4884004884
16135.26818	0.4151404151
16171.77328	0.463980464
16208.27838	0.463980464
16244.78348	0.4395604396
16281.28858	0.4151404151
16317.79368	0.463980464
16354.29878	0.4151404151
16390.80388	0.4151404151
16427.30898	0.4395604396
16463.81408	0.4151404151
16500.31918	0.4395604396
16536.82428	0.463980464
16573.32938	0.4395604396
16609.83448	0.4395604396
16646.33958	0.4395604396
16682.84468	0.463980464
16719.34978	0.4151404151
16755.85488	0.4395604396
16792.35998	0.4395604396
16828.86508	0.4395604396
16865.37018	0.4151404151
16901.87528	0.4395604396
16938.38038	0.4151404151
16974.88548	0.4151404151
17011.39058	0.4151404151
17047.89568	0.4151404151
17084.40078	0.4151404151
17120.90588	0.4395604396
17157.41098	0.4151404151
17193.91608	0.4395604396
17230.42118	0.4395604396
17266.92628	0.3907203907
17303.43138	0.4151404151
17339.93648	0.4151404151
17376.44158	0.4395604396
17412.94668	0.3907203907
17449.45178	0.4151404151
17485.95688	0.4151404151
17522.46198	0.4395604396
17558.96708	0.4151404151
17595.47218	0.4151404151
17631.97728	0.3907203907
17668.48238	0.3907203907
17704.98748	0.3907203907
17741.49258	0.4151404151
17777.99768	0.4151404151
17814.50278	0.4151404151
17851.00788	0.4151404151
17887.51298	0.4151404151
17924.01808	0.4151404151
17960.52318	0.3907203907
17997.02828	0.3907203907
18033.53338	0.3907203907
18070.03848	0.463980464
18106.54358	0.4151404151
18143.04868	0.3907203907
18179.55378	0.4395604396
18216.05888	0.3907203907
18252.56398	0.3907203907
18289.06908	0.3907203907
18325.57418	0.4151404151
18362.07928	0.3663003663
18398.58438	0.3907203907
18435.08948	0.3907203907
18471.59458	0.3663003663
18508.09968	0.3907203907
18544.60478	0.4151404151
18581.10988	0.3907203907
18617.61498	0.3663003663
18654.12008	0.3907203907
18690.62518	0.4151404151
