Bruker BioSpin GmbH: the minispec
DataType=5
DataLimits=0.03794,7.02394,500
DataUnit=Time/ms,Intensity/%
c:\nmr relaxation\applications\fid.app
07.02.2019 20:09:27

0.03794	77.38705739
0.05194	77.11843712
0.06594	76.8009768
0.07994	76.53235653
0.09394	76.19047619
0.10794	75.53113553
0.12194	75.11599512
0.13594	75.04273504
0.14994	74.13919414
0.16394	73.62637363
0.17794	72.99145299
0.19194	72.28327228
0.20594	71.84371184
0.21994	70.96459096
0.23394	70.32967033
0.24794	69.37728938
0.26194	68.52258852
0.27594	67.47252747
0.28994	66.76434676
0.30394	65.68986569
0.31794	64.81074481
0.33194	63.76068376
0.34594	62.71062271
0.35994	62.17338217
0.37394	61.001221
0.38794	59.65811966
0.40194	58.70573871
0.41594	57.60683761
0.42994	56.63003663
0.44394	55.50671551
0.45794	54.35897436
0.47194	53.28449328
0.48594	51.96581197
0.49994	51.20879121
0.51394	50.23199023
0.52794	49.01098901
0.54194	48.05860806
0.55594	47.13064713
0.56994	46.00732601
0.58394	45.05494505
0.59794	44.05372405
0.61194	43.24786325
0.62594	42.1978022
0.63994	41.29426129
0.65394	40.39072039
0.66794	39.36507937
0.68194	38.70573871
0.69594	37.65567766
0.70994	36.84981685
0.72394	36.04395604
0.73794	35.18925519
0.75194	34.6031746
0.76594	33.65079365
0.77994	32.99145299
0.79394	32.35653236
0.80794	31.42857143
0.82194	30.89133089
0.83594	30.42735043
0.84994	29.52380952
0.86394	28.81562882
0.87794	28.3028083
0.89194	27.54578755
0.90594	26.93528694
0.91994	26.3980464
0.93394	25.86080586
0.94794	25.15262515
0.96194	24.71306471
0.97594	24.07814408
0.98994	23.58974359
1.00394	22.93040293
1.01794	22.44200244
1.03194	21.85592186
1.04594	21.39194139
1.05994	20.78144078
1.07394	20.43956044
1.08794	19.87789988
1.10194	19.12087912
1.11594	18.65689866
1.12994	18.36385836
1.14394	17.72893773
1.15794	17.33821734
1.17194	16.67887668
1.18594	16.38583639
1.19994	15.7020757
1.21394	15.33577534
1.22794	14.77411477
1.24194	14.23687424
1.25594	13.94383394
1.26994	13.35775336
1.28394	12.86935287
1.29794	12.62515263
1.31194	12.01465201
1.32594	11.62393162
1.33994	10.94017094
1.35394	10.81807082
1.36794	10.37851038
1.38194	10.06105006
1.39594	9.572649573
1.40994	9.352869353
1.42394	8.962148962
1.43794	8.693528694
1.45194	8.205128205
1.46594	7.887667888
1.47994	7.619047619
1.49394	7.301587302
1.50794	7.032967033
1.52194	6.837606838
1.53594	6.544566545
1.54994	6.178266178
1.56394	6.031746032
1.57794	6.056166056
1.59194	5.543345543
1.60594	5.372405372
1.61994	5.054945055
1.63394	5.006105006
1.64794	4.615384615
1.66194	4.713064713
1.67594	4.63980464
1.68994	4.517704518
1.70394	4.102564103
1.71794	4.151404151
1.73194	4.078144078
1.74594	4.004884005
1.75994	3.638583639
1.77394	3.58974359
1.78794	3.638583639
1.80194	3.492063492
1.81594	3.36996337
1.82994	3.394383394
1.84394	3.125763126
1.85794	3.345543346
1.87194	3.076923077
1.88594	3.028083028
1.89994	2.881562882
1.91394	2.905982906
1.92794	2.759462759
1.94194	2.808302808
1.95594	2.661782662
1.96994	2.588522589
1.98394	2.295482295
1.99794	2.442002442
2.01194	2.295482295
2.02594	2.393162393
2.03994	2.197802198
2.05394	2.124542125
2.06794	2.148962149
2.08194	1.831501832
2.09594	1.953601954
2.10994	1.855921856
2.12394	1.733821734
2.13794	1.660561661
2.15194	1.684981685
2.16594	1.636141636
2.17994	1.147741148
2.19394	1.416361416
2.20794	1.48962149
2.22194	1.26984127
2.23594	1.147741148
2.24994	1.221001221
2.26394	1.098901099
2.27794	1.074481074
2.29194	1.001221001
2.30594	0.8302808303
2.31994	0.9035409035
2.33394	0.8547008547
2.34794	0.7326007326
2.36194	0.7814407814
2.37594	0.6349206349
2.38994	0.8791208791
2.40394	0.6593406593
2.41794	0.5128205128
2.43194	0.4884004884
2.44594	0.5616605617
2.45994	0.3418803419
2.47394	0.2686202686
2.48794	0.2442002442
2.50194	0.04884004884
2.51594	0.1465201465
2.52994	0.1465201465
2.54394	0.09768009768
2.55794	0.09768009768
2.57194	0.4884004884
2.58594	0.3418803419
2.59994	0.3663003663
2.61394	0.2686202686
2.62794	0.3174603175
2.64194	0.5128205128
2.65594	0.4151404151
2.66994	0.5616605617
2.68394	0.5616605617
2.69794	0.4884004884
2.71194	0.6105006105
2.72594	0.6349206349
2.73994	0.6349206349
2.75394	0.8791208791
2.76794	0.8302808303
2.78194	0.5128205128
2.79594	0.757020757
2.80994	0.8791208791
2.82394	0.9035409035
2.83794	0.8791208791
2.85194	0.927960928
2.86594	0.9035409035
2.87994	1.147741148
2.89394	1.001221001
2.90794	1.001221001
2.92194	1.172161172
2.93594	1.221001221
2.94994	1.172161172
2.96394	1.294261294
2.97794	1.294261294
2.99194	1.416361416
3.00594	1.294261294
3.01994	1.26984127
3.03394	1.416361416
3.04794	1.318681319
3.06194	1.294261294
3.07594	1.562881563
3.08994	1.538461538
3.10394	1.26984127
3.11794	1.294261294
3.13194	1.514041514
3.14594	1.465201465
3.15994	1.343101343
3.17394	1.465201465
3.18794	1.611721612
3.20194	1.367521368
3.21594	1.416361416
3.22994	1.538461538
3.24394	1.465201465
3.25794	1.538461538
3.27194	1.514041514
3.28594	1.514041514
3.29994	1.416361416
3.31394	1.48962149
3.32794	1.343101343
3.34194	1.318681319
3.35594	1.465201465
3.36994	1.391941392
3.38394	1.098901099
3.39794	1.416361416
3.41194	1.196581197
3.42594	1.26984127
3.43994	1.025641026
3.45394	1.221001221
3.46794	1.367521368
3.48194	1.221001221
3.49594	1.343101343
3.50994	1.147741148
3.52394	1.172161172
3.53794	1.025641026
3.55194	1.172161172
3.56594	1.245421245
3.57994	1.147741148
3.59394	1.245421245
3.60794	1.074481074
3.62194	1.001221001
3.63594	1.025641026
3.64994	1.05006105
3.66394	1.025641026
3.67794	1.025641026
3.69194	0.9768009768
3.70594	1.025641026
3.71994	0.9035409035
3.73394	1.074481074
3.74794	0.757020757
3.76194	0.8791208791
3.77594	0.8791208791
3.78994	1.001221001
3.80394	0.8058608059
3.81794	0.9035409035
3.83194	0.9035409035
3.84594	0.8547008547
3.85994	0.6349206349
3.87394	0.8302808303
3.88794	0.6349206349
3.90194	0.7081807082
3.91594	0.757020757
3.92994	0.757020757
3.94394	0.7326007326
3.95794	0.7326007326
3.97194	0.757020757
3.98594	0.5860805861
3.99994	0.4395604396
4.01394	0.5128205128
4.02794	0.6349206349
4.04194	0.5128205128
4.05594	0.5128205128
4.06994	0.6105006105
4.08394	0.5616605617
4.09794	0.6593406593
4.11194	0.5128205128
4.12594	0.463980464
4.13994	0.4395604396
4.15394	0.463980464
4.16794	0.4395604396
4.18194	0.4395604396
4.19594	0.3174603175
4.20994	0.6349206349
4.22394	0.463980464
4.23794	0.4151404151
4.25194	0.6105006105
4.26594	0.4395604396
4.27994	0.2442002442
4.29394	0.3663003663
4.30794	0.3174603175
4.32194	0.2197802198
4.33594	0.3663003663
4.34994	0.3907203907
4.36394	0.3418803419
4.37794	0.2442002442
4.39194	0.3418803419
4.40594	0.2442002442
4.41994	0.3418803419
4.43394	0.1953601954
4.44794	0.4884004884
4.46194	0.1709401709
4.47594	0.2442002442
4.48994	0.3418803419
4.50394	0.3418803419
4.51794	0.1709401709
4.53194	0.1953601954
4.54594	0.04884004884
4.55994	0.3418803419
4.57394	0.1953601954
4.58794	0.2197802198
4.60194	0.1953601954
4.61594	0.1953601954
4.62994	0.1221001221
4.64394	0.2442002442
4.65794	0.04884004884
4.67194	0.1953601954
4.68594	0.1953601954
4.69994	0.3663003663
4.71394	0.1709401709
4.72794	0.293040293
4.74194	0.3663003663
4.75594	0.1709401709
4.76994	0.1709401709
4.78394	0.1953601954
4.79794	0.07326007326
4.81194	0.1221001221
4.82594	0.1221001221
4.83994	0.293040293
4.85394	0.1953601954
4.86794	0.1953601954
4.88194	0.3174603175
4.89594	0.2442002442
4.90994	0.1953601954
4.92394	0.1221001221
4.93794	0.3418803419
4.95194	0.1221001221
4.96594	0.2442002442
4.97994	0.2442002442
4.99394	0.5128205128
5.00794	0.3418803419
5.02194	0.293040293
5.03594	0.3907203907
5.04994	0.5860805861
5.06394	0.1709401709
5.07794	0.3663003663
5.09194	0.3907203907
5.10594	0.293040293
5.11994	0.4151404151
5.13394	0.463980464
5.14794	0.3418803419
5.16194	0.5128205128
5.17594	0.5372405372
5.18994	0.5128205128
5.20394	0.3663003663
5.21794	0.3418803419
5.23194	0.5860805861
5.24594	0.4884004884
5.25994	0.6349206349
5.27394	0.6593406593
5.28794	0.5860805861
5.30194	0.5128205128
5.31594	0.6837606838
5.32994	0.4151404151
5.34394	0.4395604396
5.35794	0.3418803419
5.37194	0.463980464
5.38594	0.463980464
5.39994	0.6349206349
5.41394	0.6593406593
5.42794	0.463980464
5.44194	0.3174603175
5.45594	0.5616605617
5.46994	0.5128205128
5.48394	0.5128205128
5.49794	0.5128205128
5.51194	0.5128205128
5.52594	0.463980464
5.53994	0.3907203907
5.55394	0.7326007326
5.56794	0.5128205128
5.58194	0.4884004884
5.59594	0.4151404151
5.60994	0.6105006105
5.62394	0.6349206349
5.63794	0.6349206349
5.65194	0.6105006105
5.66594	0.4395604396
5.67994	0.463980464
5.69394	0.6349206349
5.70794	0.4151404151
5.72194	0.5616605617
5.73594	0.4151404151
5.74994	0.5860805861
5.76394	0.6349206349
5.77794	0.8302808303
5.79194	0.757020757
5.80594	0.6105006105
5.81994	0.4884004884
5.83394	0.6593406593
5.84794	0.6105006105
5.86194	0.5860805861
5.87594	0.7081807082
5.88994	0.6593406593
5.90394	0.6349206349
5.91794	0.6593406593
5.93194	0.6349206349
5.94594	0.757020757
5.95994	0.4884004884
5.97394	0.6105006105
5.98794	0.5860805861
6.00194	0.5860805861
6.01594	0.5616605617
6.02994	0.7814407814
6.04394	0.6593406593
6.05794	0.5860805861
6.07194	0.6105006105
6.08594	0.6837606838
6.09994	0.6593406593
6.11394	0.6105006105
6.12794	0.6105006105
6.14194	0.7814407814
6.15594	0.8302808303
6.16994	0.5860805861
6.18394	0.6105006105
6.19794	0.5616605617
6.21194	0.6593406593
6.22594	0.6837606838
6.23994	0.4395604396
6.25394	0.6105006105
6.26794	0.5372405372
6.28194	0.4151404151
6.29594	0.5860805861
6.30994	0.7326007326
6.32394	0.5372405372
6.33794	0.6837606838
6.35194	0.6837606838
6.36594	0.6837606838
6.37994	0.6105006105
6.39394	0.7081807082
6.40794	0.4884004884
6.42194	0.6593406593
6.43594	0.5860805861
6.44994	0.6593406593
6.46394	0.7326007326
6.47794	0.6105006105
6.49194	0.757020757
6.50594	0.6105006105
6.51994	0.5860805861
6.53394	0.5372405372
6.54794	0.6105006105
6.56194	0.5616605617
6.57594	0.5372405372
6.58994	0.6837606838
6.60394	0.6837606838
6.61794	0.6105006105
6.63194	0.6105006105
6.64594	0.6105006105
6.65994	0.6349206349
6.67394	0.4151404151
6.68794	0.3174603175
6.70194	0.463980464
6.71594	0.6105006105
6.72994	0.7081807082
6.74394	0.4884004884
6.75794	0.5860805861
6.77194	0.5616605617
6.78594	0.757020757
6.79994	0.6593406593
6.81394	0.7081807082
6.82794	0.5616605617
6.84194	0.3174603175
6.85594	0.6837606838
6.86994	0.8058608059
6.88394	0.5616605617
6.89794	0.7081807082
6.91194	0.5616605617
6.92594	0.6593406593
6.93994	0.3907203907
6.95394	0.3663003663
6.96794	0.6837606838
6.98194	0.4884004884
6.99594	0.5372405372
7.00994	0.7081807082
7.02394	0.4151404151
