Bruker BioSpin GmbH: the minispec
DataType=5
DataLimits=4.07018,2076.74,512
DataUnit=ms,%
c:\nmr relaxation\applications\t2_cpmg.app
07.02.2019 19:42:58

4.07018	82.1001221
8.12628	80.92796093
12.18238	79.78021978
16.23848	78.63247863
20.29458	77.50915751
24.35068	76.38583639
28.40678	75.31135531
32.46288	74.23687424
36.51898	73.21123321
40.57508	72.18559219
44.63118	71.18437118
48.68728	70.20757021
52.74338	69.3040293
56.79948	68.3028083
60.85558	67.37484737
64.91168	66.44688645
68.96778	65.56776557
73.02388	64.63980464
77.07998	63.76068376
81.13608	62.90598291
85.19218	62.002442
89.24828	61.22100122
93.30438	60.34188034
97.36048	59.51159951
101.41658	58.70573871
105.47268	57.8998779
109.52878	57.14285714
113.58488	56.33699634
117.64098	55.57997558
121.69708	54.84737485
125.75318	54.06593407
129.80928	53.30891331
133.86538	52.57631258
137.92148	51.89255189
141.97758	51.15995116
146.03368	50.47619048
150.08978	49.79242979
154.14588	49.08424908
158.20198	48.42490842
162.25808	47.76556777
166.31418	47.08180708
170.37028	46.47130647
174.42638	45.78754579
178.48248	45.17704518
182.53858	44.56654457
186.59468	43.95604396
190.65078	43.34554335
194.70688	42.75946276
198.76298	42.17338217
202.81908	41.61172161
206.87518	41.05006105
210.93128	40.46398046
214.98738	39.92673993
219.04348	39.36507937
223.09958	38.8034188
227.15568	38.29059829
231.21178	37.8021978
235.26788	37.24053724
239.32398	36.75213675
243.38008	36.26373626
247.43618	35.75091575
251.49228	35.23809524
255.54838	34.74969475
259.60448	34.26129426
263.66058	33.82173382
267.71668	33.38217338
271.77278	32.91819292
275.82888	32.45421245
279.88498	31.99023199
283.94108	31.57509158
287.99718	31.13553114
292.05328	30.72039072
296.10938	30.32967033
300.16548	29.89010989
304.22158	29.45054945
308.27768	29.05982906
312.33378	28.69352869
316.38988	28.27838828
320.44598	27.93650794
324.50208	27.52136752
328.55818	27.13064713
332.61428	26.76434676
336.67038	26.42246642
340.72648	26.08058608
344.78258	25.71428571
348.83868	25.32356532
352.89478	24.98168498
356.95088	24.61538462
361.00698	24.32234432
365.06308	23.98046398
369.11918	23.61416361
373.17528	23.34554335
377.23138	23.02808303
381.28748	22.66178266
385.34358	22.39316239
389.39968	22.07570208
393.45578	21.80708181
397.51188	21.46520147
401.56798	21.1965812
405.62408	20.87912088
409.68018	20.63492063
413.73628	20.31746032
417.79238	20.02442002
421.84848	19.73137973
425.90458	19.48717949
429.96068	19.24297924
434.01678	18.94993895
438.07288	18.68131868
442.12898	18.51037851
446.18508	18.21733822
450.24118	17.92429792
454.29728	17.65567766
458.35338	17.46031746
462.40948	17.24053724
466.46558	17.02075702
470.52168	16.8009768
474.57778	16.53235653
478.63388	16.33699634
482.68998	16.09279609
486.74608	15.84859585
490.80218	15.6043956
494.85828	15.40903541
498.91438	15.21367521
502.97048	14.99389499
507.02658	14.7985348
511.08268	14.6031746
515.13878	14.40781441
519.19488	14.21245421
523.25098	14.06593407
527.30708	13.84615385
531.36318	13.65079365
535.41928	13.47985348
539.47538	13.26007326
543.53148	13.06471306
547.58758	12.89377289
551.64368	12.72283272
555.69978	12.6007326
559.75588	12.35653236
563.81198	12.21001221
567.86808	12.08791209
571.92418	11.86813187
575.98028	11.72161172
580.03638	11.55067155
584.09248	11.4041514
588.14858	11.23321123
592.20468	11.08669109
596.26078	10.96459096
600.31688	10.79365079
604.37298	10.64713065
608.42908	10.5006105
612.48518	10.35409035
616.54128	10.23199023
620.59738	10.08547009
624.65348	9.914529915
628.70958	9.816849817
632.76568	9.645909646
636.82178	9.523809524
640.87788	9.377289377
644.93398	9.328449328
648.99008	9.157509158
653.04618	9.035409035
657.10228	8.913308913
661.15838	8.766788767
665.21448	8.669108669
669.27058	8.547008547
673.32668	8.424908425
677.38278	8.327228327
681.43888	8.22954823
685.49498	8.083028083
689.55108	8.00976801
693.60718	7.887667888
697.66328	7.765567766
701.71938	7.667887668
705.77548	7.594627595
709.83158	7.472527473
713.88768	7.35042735
717.94378	7.252747253
721.99988	7.179487179
726.05598	7.057387057
730.11208	6.95970696
734.16818	6.862026862
738.22428	6.764346764
742.28038	6.691086691
746.33648	6.568986569
750.39258	6.52014652
754.44868	6.398046398
758.50478	6.324786325
762.56088	6.227106227
766.61698	6.178266178
770.67308	6.105006105
774.72918	5.982905983
778.78528	5.90964591
782.84138	5.836385836
786.89748	5.738705739
790.95358	5.68986569
795.00968	5.616605617
799.06578	5.494505495
803.12188	5.445665446
807.17798	5.372405372
811.23408	5.299145299
815.29018	5.225885226
819.34628	5.152625153
823.40238	5.079365079
827.45848	5.006105006
831.51458	4.957264957
835.57068	4.908424908
839.62678	4.810744811
843.68288	4.761904762
847.73898	4.688644689
851.79508	4.590964591
855.85118	4.542124542
859.90728	4.493284493
863.96338	4.468864469
868.01948	4.42002442
872.07558	4.322344322
876.13168	4.322344322
880.18778	4.224664225
884.24388	4.151404151
888.29998	4.102564103
892.35608	4.029304029
896.41218	3.956043956
900.46828	3.907203907
904.52438	3.858363858
908.58048	3.833943834
912.63658	3.760683761
916.69268	3.711843712
920.74878	3.687423687
924.80488	3.638583639
928.86098	3.58974359
932.91708	3.516483516
936.97318	3.443223443
941.02928	3.418803419
945.08538	3.394383394
949.14148	3.345543346
953.19758	3.296703297
957.25368	3.272283272
961.30978	3.223443223
965.36588	3.199023199
969.42198	3.15018315
973.47808	3.076923077
977.53418	3.052503053
981.59028	3.003663004
985.64638	2.979242979
989.70248	2.954822955
993.75858	2.905982906
997.81468	2.832722833
1001.87078	2.857142857
1005.92688	2.783882784
1009.98298	2.759462759
1014.03908	2.735042735
1018.09518	2.686202686
1022.15128	2.637362637
1026.20738	2.588522589
1030.26348	2.588522589
1034.31958	2.53968254
1038.37568	2.466422466
1042.43178	2.442002442
1046.48788	2.466422466
1050.54398	2.417582418
1054.60008	2.344322344
1058.65618	2.368742369
1062.71228	2.295482295
1066.76838	2.31990232
1070.82448	2.271062271
1074.88058	2.222222222
1078.93668	2.197802198
1082.99278	2.124542125
1087.04888	2.124542125
1091.10498	2.1001221
1095.16108	2.075702076
1099.21718	2.026862027
1103.27328	2.026862027
1107.32938	2.002442002
1111.38548	1.978021978
1115.44158	1.929181929
1119.49768	1.904761905
1123.55378	1.904761905
1127.60988	1.88034188
1131.66598	1.807081807
1135.72208	1.807081807
1139.77818	1.807081807
1143.83428	1.758241758
1147.89038	1.758241758
1151.94648	1.733821734
1156.00258	1.733821734
1160.05868	1.684981685
1164.11478	1.660561661
1168.17088	1.636141636
1172.22698	1.611721612
1176.28308	1.611721612
1180.33918	1.587301587
1184.39528	1.562881563
1188.45138	1.514041514
1192.50748	1.48962149
1196.56358	1.48962149
1200.61968	1.465201465
1204.67578	1.440781441
1208.73188	1.440781441
1212.78798	1.440781441
1216.84408	1.416361416
1220.90018	1.391941392
1224.95628	1.416361416
1229.01238	1.343101343
1233.06848	1.318681319
1237.12458	1.318681319
1241.18068	1.318681319
1245.23678	1.318681319
1249.29288	1.26984127
1253.34898	1.26984127
1257.40508	1.245421245
1261.46118	1.245421245
1265.51728	1.172161172
1269.57338	1.172161172
1273.62948	1.221001221
1277.68558	1.172161172
1281.74168	1.147741148
1285.79778	1.123321123
1289.85388	1.123321123
1293.90998	1.098901099
1297.96608	1.147741148
1302.02218	1.074481074
1306.07828	1.074481074
1310.13438	1.05006105
1314.19048	1.05006105
1318.24658	1.05006105
1322.30268	1.001221001
1326.35878	1.025641026
1330.41488	1.001221001
1334.47098	0.9768009768
1338.52708	0.9523809524
1342.58318	0.9523809524
1346.63928	0.9523809524
1350.69538	0.927960928
1354.75148	0.927960928
1358.80758	0.927960928
1362.86368	0.8791208791
1366.91978	0.8791208791
1370.97588	0.8547008547
1375.03198	0.8302808303
1379.08808	0.8791208791
1383.14418	0.8302808303
1387.20028	0.8302808303
1391.25638	0.8547008547
1395.31248	0.8302808303
1399.36858	0.7814407814
1403.42468	0.8302808303
1407.48078	0.7814407814
1411.53688	0.7814407814
1415.59298	0.757020757
1419.64908	0.7814407814
1423.70518	0.7326007326
1427.76128	0.7326007326
1431.81738	0.7081807082
1435.87348	0.7326007326
1439.92958	0.7081807082
1443.98568	0.7081807082
1448.04178	0.6837606838
1452.09788	0.7081807082
1456.15398	0.6837606838
1460.21008	0.6837606838
1464.26618	0.6593406593
1468.32228	0.6593406593
1472.37838	0.6593406593
1476.43448	0.6349206349
1480.49058	0.6593406593
1484.54668	0.6105006105
1488.60278	0.6349206349
1492.65888	0.5860805861
1496.71498	0.5860805861
1500.77108	0.6105006105
1504.82718	0.5616605617
1508.88328	0.5860805861
1512.93938	0.6105006105
1516.99548	0.5372405372
1521.05158	0.5616605617
1525.10768	0.5616605617
1529.16378	0.5372405372
1533.21988	0.5372405372
1537.27598	0.5616605617
1541.33208	0.5372405372
1545.38818	0.5128205128
1549.44428	0.5372405372
1553.50038	0.5128205128
1557.55648	0.4884004884
1561.61258	0.5128205128
1565.66868	0.5128205128
1569.72478	0.4884004884
1573.78088	0.463980464
1577.83698	0.4884004884
1581.89308	0.4884004884
1585.94918	0.4884004884
1590.00528	0.463980464
1594.06138	0.4884004884
1598.11748	0.4151404151
1602.17358	0.463980464
1606.22968	0.463980464
1610.28578	0.4395604396
1614.34188	0.4151404151
1618.39798	0.4395604396
1622.45408	0.4395604396
1626.51018	0.4151404151
1630.56628	0.4151404151
1634.62238	0.4151404151
1638.67848	0.4395604396
1642.73458	0.4151404151
1646.79068	0.4151404151
1650.84678	0.3907203907
1654.90288	0.4151404151
1658.95898	0.3907203907
1663.01508	0.3663003663
1667.07118	0.3907203907
1671.12728	0.3663003663
1675.18338	0.3663003663
1679.23948	0.3907203907
1683.29558	0.3907203907
1687.35168	0.3418803419
1691.40778	0.4151404151
1695.46388	0.3418803419
1699.51998	0.3663003663
1703.57608	0.3663003663
1707.63218	0.3663003663
1711.68828	0.3663003663
1715.74438	0.3174603175
1719.80048	0.3663003663
1723.85658	0.3174603175
1727.91268	0.293040293
1731.96878	0.3418803419
1736.02488	0.3174603175
1740.08098	0.3663003663
1744.13708	0.3174603175
1748.19318	0.293040293
1752.24928	0.3418803419
1756.30538	0.293040293
1760.36148	0.3174603175
1764.41758	0.293040293
1768.47368	0.2686202686
1772.52978	0.293040293
1776.58588	0.2686202686
1780.64198	0.3174603175
1784.69808	0.293040293
1788.75418	0.293040293
1792.81028	0.293040293
1796.86638	0.2686202686
1800.92248	0.293040293
1804.97858	0.2686202686
1809.03468	0.2686202686
1813.09078	0.3174603175
1817.14688	0.293040293
1821.20298	0.2686202686
1825.25908	0.293040293
1829.31518	0.2442002442
1833.37128	0.2442002442
1837.42738	0.2686202686
1841.48348	0.2686202686
1845.53958	0.2442002442
1849.59568	0.2686202686
1853.65178	0.2686202686
1857.70788	0.2686202686
1861.76398	0.2442002442
1865.82008	0.2197802198
1869.87618	0.2197802198
1873.93228	0.2442002442
1877.98838	0.2197802198
1882.04448	0.2686202686
1886.10058	0.2442002442
1890.15668	0.2686202686
1894.21278	0.2197802198
1898.26888	0.2686202686
1902.32498	0.2442002442
1906.38108	0.2442002442
1910.43718	0.2197802198
1914.49328	0.2442002442
1918.54938	0.2197802198
1922.60548	0.2197802198
1926.66158	0.2442002442
1930.71768	0.2197802198
1934.77378	0.2442002442
1938.82988	0.2197802198
1942.88598	0.2197802198
1946.94208	0.2197802198
1950.99818	0.2442002442
1955.05428	0.1953601954
1959.11038	0.2442002442
1963.16648	0.1953601954
1967.22258	0.2197802198
1971.27868	0.2442002442
1975.33478	0.2197802198
1979.39088	0.2197802198
1983.44698	0.2197802198
1987.50308	0.2197802198
1991.55918	0.2197802198
1995.61528	0.1953601954
1999.67138	0.1953601954
2003.72748	0.2197802198
2007.78358	0.1953601954
2011.83968	0.2197802198
2015.89578	0.1709401709
2019.95188	0.2197802198
2024.00798	0.1953601954
2028.06408	0.2197802198
2032.12018	0.1953601954
2036.17628	0.1953601954
2040.23238	0.1953601954
2044.28848	0.1953601954
2048.34458	0.1709401709
2052.40068	0.1709401709
2056.45678	0.2197802198
2060.51288	0.1953601954
2064.56898	0.2197802198
2068.62508	0.1953601954
2072.68118	0.1709401709
2076.73728	0.1953601954
