Bruker BioSpin GmbH: the minispec
DataType=5
DataLimits=32.463,16613.9,512
DataUnit=ms,%
c:\nmr relaxation\applications\t2_cpmg.app
07.02.2019 20:23:37

32.46298	75.72649573
64.91188	74.72527473
97.36078	73.7973138
129.80968	72.89377289
162.25858	71.99023199
194.70748	71.15995116
227.15638	70.30525031
259.60528	69.4017094
292.05418	68.52258852
324.50308	67.66788767
356.95198	66.86202686
389.40088	65.98290598
421.84978	65.2014652
454.29868	64.44444444
486.74758	63.58974359
519.19648	62.80830281
551.64538	62.002442
584.09428	61.26984127
616.54318	60.46398046
648.99208	59.73137973
681.44098	58.998779
713.88988	58.31501832
746.33878	57.58241758
778.78768	56.87423687
811.23658	56.11721612
843.68548	55.40903541
876.13438	54.77411477
908.58328	54.11477411
941.03218	53.43101343
973.48108	52.77167277
1005.92998	52.11233211
1038.37888	51.45299145
1070.82778	50.84249084
1103.27668	50.18315018
1135.72558	49.57264957
1168.17448	48.91330891
1200.62338	48.32722833
1233.07228	47.74114774
1265.52118	47.13064713
1297.97008	46.56898657
1330.41898	45.98290598
1362.86788	45.44566545
1395.31678	44.88400488
1427.76568	44.2979243
1460.21458	43.78510379
1492.66348	43.22344322
1525.11238	42.66178266
1557.56128	42.14896215
1590.01018	41.61172161
1622.45908	41.07448107
1654.90798	40.61050061
1687.35688	40.02442002
1719.80578	39.63369963
1752.25468	39.0964591
1784.70358	38.63247863
1817.15248	38.14407814
1849.60138	37.65567766
1882.05028	37.19169719
1914.49918	36.75213675
1946.94808	36.28815629
1979.39698	35.7997558
2011.84588	35.40903541
2044.29478	34.99389499
2076.74368	34.55433455
2109.19258	34.11477411
2141.64148	33.6996337
2174.09038	33.26007326
2206.53928	32.84493284
2238.98818	32.47863248
2271.43708	32.06349206
2303.88598	31.62393162
2336.33488	31.23321123
2368.78378	30.86691087
2401.23268	30.47619048
2433.68158	30.13431013
2466.13048	29.74358974
2498.57938	29.35286935
2531.02828	28.98656899
2563.47718	28.66910867
2595.92608	28.3028083
2628.37498	27.93650794
2660.82388	27.61904762
2693.27278	27.27716728
2725.72168	26.93528694
2758.17058	26.59340659
2790.61948	26.22710623
2823.06838	25.93406593
2855.51728	25.61660562
2887.96618	25.2991453
2920.41508	24.98168498
2952.86398	24.66422466
2985.31288	24.34676435
3017.76178	24.07814408
3050.21068	23.76068376
3082.65958	23.49206349
3115.10848	23.1990232
3147.55738	22.90598291
3180.00628	22.66178266
3212.45518	22.34432234
3244.90408	22.07570208
3277.35298	21.80708181
3309.80188	21.53846154
3342.25078	21.26984127
3374.69968	21.001221
3407.14858	20.73260073
3439.59748	20.46398046
3472.04638	20.21978022
3504.49528	19.95115995
3536.94418	19.75579976
3569.39308	19.46275946
3601.84198	19.26739927
3634.29088	19.02319902
3666.73978	18.77899878
3699.18868	18.51037851
3731.63758	18.33943834
3764.08648	18.0952381
3796.53538	17.87545788
3828.98428	17.68009768
3861.43318	17.43589744
3893.88208	17.21611722
3926.33098	17.02075702
3958.77988	16.8009768
3991.22878	16.60561661
4023.67768	16.41025641
4056.12658	16.19047619
4088.57548	15.97069597
4121.02438	15.77533578
4153.47328	15.6043956
4185.92218	15.40903541
4218.37108	15.21367521
4250.81998	15.04273504
4283.26888	14.82295482
4315.71778	14.67643468
4348.16668	14.50549451
4380.61558	14.28571429
4413.06448	14.13919414
4445.51338	13.94383394
4477.96228	13.77289377
4510.41118	13.62637363
4542.86008	13.47985348
4575.30898	13.23565324
4607.75788	13.11355311
4640.20678	12.99145299
4672.65568	12.7960928
4705.10458	12.64957265
4737.55348	12.45421245
4770.00238	12.30769231
4802.45128	12.18559219
4834.90018	12.03907204
4867.34908	11.86813187
4899.79798	11.74603175
4932.24688	11.57509158
4964.69578	11.45299145
4997.14468	11.28205128
5029.59358	11.18437118
5062.04248	11.03785104
5094.49138	10.86691087
5126.94028	10.76923077
5159.38918	10.62271062
5191.83808	10.5006105
5224.28698	10.37851038
5256.73588	10.23199023
5289.18478	10.13431013
5321.63368	9.987789988
5354.08258	9.841269841
5386.53148	9.719169719
5418.98038	9.645909646
5451.42928	9.523809524
5483.87818	9.426129426
5516.32708	9.304029304
5548.77598	9.206349206
5581.22488	9.108669109
5613.67378	8.937728938
5646.12268	8.864468864
5678.57158	8.766788767
5711.02048	8.62026862
5743.46938	8.522588523
5775.91828	8.449328449
5808.36718	8.327228327
5840.81608	8.22954823
5873.26498	8.156288156
5905.71388	7.985347985
5938.16278	7.912087912
5970.61168	7.838827839
6003.06058	7.741147741
6035.50948	7.643467643
6067.95838	7.545787546
6100.40728	7.448107448
6132.85618	7.35042735
6165.30508	7.326007326
6197.75398	7.203907204
6230.20288	7.130647131
6262.65178	7.008547009
6295.10068	6.935286935
6327.54958	6.886446886
6359.99848	6.764346764
6392.44738	6.666666667
6424.89628	6.593406593
6457.34518	6.52014652
6489.79408	6.446886447
6522.24298	6.398046398
6554.69188	6.3003663
6587.14078	6.227106227
6619.58968	6.153846154
6652.03858	6.056166056
6684.48748	5.982905983
6716.93638	5.934065934
6749.38528	5.836385836
6781.83418	5.811965812
6814.28308	5.714285714
6846.73198	5.665445665
6879.18088	5.567765568
6911.62978	5.494505495
6944.07868	5.445665446
6976.52758	5.396825397
7008.97648	5.299145299
7041.42538	5.25030525
7073.87428	5.177045177
7106.32318	5.128205128
7138.77208	5.079365079
7171.22098	5.030525031
7203.66988	4.981684982
7236.11878	4.908424908
7268.56768	4.85958486
7301.01658	4.761904762
7333.46548	4.737484737
7365.91438	4.664224664
7398.36328	4.615384615
7430.81218	4.566544567
7463.26108	4.517704518
7495.70998	4.444444444
7528.15888	4.395604396
7560.60778	4.346764347
7593.05668	4.297924298
7625.50558	4.273504274
7657.95448	4.2002442
7690.40338	4.175824176
7722.85228	4.102564103
7755.30118	4.078144078
7787.75008	4.029304029
7820.19898	4.029304029
7852.64788	3.882783883
7885.09678	3.882783883
7917.54568	3.833943834
7949.99458	3.80952381
7982.44348	3.711843712
8014.89238	3.711843712
8047.34128	3.638583639
8079.79018	3.614163614
8112.23908	3.58974359
8144.68798	3.540903541
8177.13688	3.516483516
8209.58578	3.443223443
8242.03468	3.418803419
8274.48358	3.36996337
8306.93248	3.345543346
8339.38138	3.345543346
8371.83028	3.296703297
8404.27918	3.223443223
8436.72808	3.223443223
8469.17698	3.174603175
8501.62588	3.125763126
8534.07478	3.076923077
8566.52368	3.076923077
8598.97258	3.052503053
8631.42148	3.003663004
8663.87038	2.954822955
8696.31928	2.93040293
8728.76818	2.857142857
8761.21708	2.881562882
8793.66598	2.832722833
8826.11488	2.832722833
8858.56378	2.783882784
8891.01268	2.735042735
8923.46158	2.710622711
8955.91048	2.661782662
8988.35938	2.637362637
9020.80828	2.612942613
9053.25718	2.53968254
9085.70608	2.588522589
9118.15498	2.564102564
9150.60388	2.490842491
9183.05278	2.466422466
9215.50168	2.515262515
9247.95058	2.442002442
9280.39948	2.417582418
9312.84838	2.368742369
9345.29728	2.31990232
9377.74618	2.344322344
9410.19508	2.295482295
9442.64398	2.246642247
9475.09288	2.246642247
9507.54178	2.222222222
9539.99068	2.222222222
9572.43958	2.197802198
9604.88848	2.173382173
9637.33738	2.1001221
9669.78628	2.124542125
9702.23518	2.1001221
9734.68408	2.1001221
9767.13298	2.051282051
9799.58188	2.002442002
9832.03078	2.026862027
9864.47968	1.978021978
9896.92858	1.929181929
9929.37748	1.953601954
9961.82638	1.953601954
9994.27528	1.88034188
10026.72418	1.88034188
10059.17308	1.855921856
10091.62198	1.855921856
10124.07088	1.831501832
10156.51978	1.831501832
10188.96868	1.758241758
10221.41758	1.782661783
10253.86648	1.733821734
10286.31538	1.684981685
10318.76428	1.733821734
10351.21318	1.709401709
10383.66208	1.636141636
10416.11098	1.684981685
10448.55988	1.660561661
10481.00878	1.611721612
10513.45768	1.587301587
10545.90658	1.611721612
10578.35548	1.611721612
10610.80438	1.587301587
10643.25328	1.587301587
10675.70218	1.538461538
10708.15108	1.562881563
10740.59998	1.514041514
10773.04888	1.48962149
10805.49778	1.465201465
10837.94668	1.48962149
10870.39558	1.465201465
10902.84448	1.440781441
10935.29338	1.416361416
10967.74228	1.440781441
11000.19118	1.416361416
11032.64008	1.391941392
11065.08898	1.391941392
11097.53788	1.391941392
11129.98678	1.343101343
11162.43568	1.367521368
11194.88458	1.343101343
11227.33348	1.294261294
11259.78238	1.26984127
11292.23128	1.294261294
11324.68018	1.26984127
11357.12908	1.294261294
11389.57798	1.294261294
11422.02688	1.221001221
11454.47578	1.221001221
11486.92468	1.245421245
11519.37358	1.221001221
11551.82248	1.196581197
11584.27138	1.172161172
11616.72028	1.196581197
11649.16918	1.172161172
11681.61808	1.147741148
11714.06698	1.123321123
11746.51588	1.196581197
11778.96478	1.147741148
11811.41368	1.123321123
11843.86258	1.098901099
11876.31148	1.098901099
11908.76038	1.074481074
11941.20928	1.074481074
11973.65818	1.074481074
12006.10708	1.074481074
12038.55598	1.05006105
12071.00488	1.05006105
12103.45378	1.05006105
12135.90268	1.025641026
12168.35158	1.025641026
12200.80048	1.025641026
12233.24938	1.05006105
12265.69828	1.025641026
12298.14718	1.001221001
12330.59608	0.9768009768
12363.04498	0.9523809524
12395.49388	1.001221001
12427.94278	0.9768009768
12460.39168	0.9523809524
12492.84058	0.9523809524
12525.28948	0.9523809524
12557.73838	0.9523809524
12590.18728	0.927960928
12622.63618	0.927960928
12655.08508	0.927960928
12687.53398	0.927960928
12719.98288	0.9035409035
12752.43178	0.9035409035
12784.88068	0.9035409035
12817.32958	0.8791208791
12849.77848	0.8547008547
12882.22738	0.8547008547
12914.67628	0.8547008547
12947.12518	0.8547008547
12979.57408	0.8302808303
13012.02298	0.8547008547
13044.47188	0.8547008547
13076.92078	0.8302808303
13109.36968	0.8547008547
13141.81858	0.8058608059
13174.26748	0.8302808303
13206.71638	0.8058608059
13239.16528	0.8058608059
13271.61418	0.7814407814
13304.06308	0.8058608059
13336.51198	0.7814407814
13368.96088	0.8058608059
13401.40978	0.757020757
13433.85868	0.757020757
13466.30758	0.7814407814
13498.75648	0.757020757
13531.20538	0.7326007326
13563.65428	0.7814407814
13596.10318	0.7326007326
13628.55208	0.7326007326
13661.00098	0.757020757
13693.44988	0.7326007326
13725.89878	0.7326007326
13758.34768	0.7326007326
13790.79658	0.7326007326
13823.24548	0.7081807082
13855.69438	0.7326007326
13888.14328	0.7326007326
13920.59218	0.7326007326
13953.04108	0.7081807082
13985.48998	0.7081807082
14017.93888	0.6837606838
14050.38778	0.7081807082
14082.83668	0.6593406593
14115.28558	0.7081807082
14147.73448	0.6837606838
14180.18338	0.6837606838
14212.63228	0.6837606838
14245.08118	0.6837606838
14277.53008	0.6837606838
14309.97898	0.6837606838
14342.42788	0.6837606838
14374.87678	0.6837606838
14407.32568	0.6837606838
14439.77458	0.6593406593
14472.22348	0.6593406593
14504.67238	0.6593406593
14537.12128	0.6349206349
14569.57018	0.6593406593
14602.01908	0.6105006105
14634.46798	0.6593406593
14666.91688	0.6349206349
14699.36578	0.6349206349
14731.81468	0.6105006105
14764.26358	0.6349206349
14796.71248	0.6105006105
14829.16138	0.6105006105
14861.61028	0.6593406593
14894.05918	0.6105006105
14926.50808	0.6105006105
14958.95698	0.6105006105
14991.40588	0.6105006105
15023.85478	0.5616605617
15056.30368	0.6349206349
15088.75258	0.6105006105
15121.20148	0.5860805861
15153.65038	0.5860805861
15186.09928	0.5616605617
15218.54818	0.5616605617
15250.99708	0.5860805861
15283.44598	0.5860805861
15315.89488	0.5860805861
15348.34378	0.5860805861
15380.79268	0.5616605617
15413.24158	0.5616605617
15445.69048	0.5860805861
15478.13938	0.5860805861
15510.58828	0.5616605617
15543.03718	0.5616605617
15575.48608	0.5372405372
15607.93498	0.5372405372
15640.38388	0.5616605617
15672.83278	0.5372405372
15705.28168	0.5372405372
15737.73058	0.5616605617
15770.17948	0.5616605617
15802.62838	0.5372405372
15835.07728	0.5372405372
15867.52618	0.5860805861
15899.97508	0.5616605617
15932.42398	0.5616605617
15964.87288	0.5860805861
15997.32178	0.5128205128
16029.77068	0.5372405372
16062.21958	0.5128205128
16094.66848	0.5372405372
16127.11738	0.5372405372
16159.56628	0.5372405372
16192.01518	0.5128205128
16224.46408	0.5128205128
16256.91298	0.5128205128
16289.36188	0.5372405372
16321.81078	0.5372405372
16354.25968	0.5128205128
16386.70858	0.5128205128
16419.15748	0.5372405372
16451.60638	0.4884004884
16484.05528	0.4884004884
16516.50418	0.5128205128
16548.95308	0.463980464
16581.40198	0.4884004884
16613.85088	0.5128205128
