Wavelength Trans 
nm % 
480 38,8181897931222 
480,2 38,7683934150755 
480,4 38,986913329808 
480,6 38,7554281519586 
480,8 39,3674576801743 
481 39,2080730675089 
481,2 38,3611475144859 
481,4 38,4003941373419 
481,6 39,0203071562236 
481,8 39,4502380531341 
482 38,9212262532001 
482,2 38,9389149085321 
482,4 38,0957209386716 
482,6 38,7144671609048 
482,8 38,968042727229 
483 38,5368328622216 
483,2 38,3929052467437 
483,4 38,453599642277 
483,6 38,4627045969795 
483,8 37,8533330413271 
484 39,0942426979772 
484,2 39,0415128766547 
484,4 38,8218862850577 
484,6 37,898222433577 
484,8 38,1898547736243 
485 38,3085645589659 
485,2 37,4369995360021 
485,4 37,5778421648472 
485,6 38,3278071957467 
485,8 37,5779114029391 
486 37,3796829901007 
486,2 37,8682899083752 
486,4 37,9948399824091 
486,6 38,4691921037719 
486,8 38,0007291977765 
487 37,7864155430253 
487,2 38,489401581953 
487,4 38,1181178637094 
487,6 37,3874348617335 
487,8 38,0876606134345 
488 38,0632971613132 
488,2 37,8657274018207 
488,4 37,4477651429733 
488,6 36,6632997841296 
488,8 37,3494638371467 
488,999999999999 37,1608779116211 
489,199999999999 37,4261396132623 
489,399999999999 37,468421729147 
489,599999999999 37,7782684315335 
489,799999999999 37,707155377282 
489,999999999999 36,5990709092979 
490,199999999999 37,9678772850385 
490,399999999999 37,6066505564494 
490,599999999999 36,8368278062794 
490,799999999999 37,4834308159264 
490,999999999999 37,3851461283932 
491,199999999999 36,8271186279126 
491,399999999999 37,1369612853976 
491,599999999999 38,0630445997451 
491,799999999999 36,9786199147385 
491,999999999999 35,8224282302348 
492,199999999999 36,9629811475467 
492,399999999999 36,9353284829188 
492,599999999999 36,8256917525288 
492,799999999999 36,0458199614581 
492,999999999999 36,5367903922964 
493,199999999999 36,6517166227597 
493,399999999999 36,4745649157644 
493,599999999999 37,0201770049194 
493,799999999999 36,7226256487093 
493,999999999999 36,837634757343 
494,199999999999 36,8467999860415 
494,399999999999 37,031731554037 
494,599999999999 36,6265532127244 
494,799999999999 36,0496797621083 
494,999999999999 36,4758909069216 
495,199999999999 36,9211091416802 
495,399999999999 36,3102949207823 
495,599999999999 35,935363418649 
495,799999999999 35,854398712846 
495,999999999999 36,359699313242 
496,199999999999 36,0426987505514 
496,399999999999 36,4860803604073 
496,599999999999 36,9375991256569 
496,799999999999 36,706559683704 
496,999999999999 36,2846632143798 
497,199999999999 36,0252183952492 
497,399999999999 35,4156816188732 
497,599999999999 35,6399108817722 
497,799999999999 36,319721952671 
497,999999999999 36,894276685507 
498,199999999999 36,6085128802079 
498,399999999999 36,1364855168011 
498,599999999999 35,8344201925281 
498,799999999999 35,0978915974551 
498,999999999999 35,7436589877877 
499,199999999999 35,704967610874 
499,399999999999 35,8217185373354 
499,599999999999 36,0855153426776 
499,799999999999 35,841787670487 
499,999999999999 34,9722117134192 
500,199999999999 35,5896271475088 
500,399999999999 35,5344410890334 
500,599999999999 35,4967783649666 
500,799999999999 35,8200046247612 
500,999999999999 35,7727639122077 
501,199999999999 35,5766477112794 
501,399999999999 35,6948931614469 
501,599999999999 36,0007434004751 
501,799999999999 35,3986909693757 
501,999999999999 35,1578601723641 
502,199999999999 35,5869657978922 
502,399999999999 35,4941849260141 
502,599999999999 35,112843342075 
502,799999999999 35,5466569233116 
502,999999999999 35,8129109237934 
503,199999999999 36,3042449334505 
503,399999999999 35,4241728546323 
503,599999999999 35,6273403882475 
503,799999999999 35,6709252016995 
503,999999999999 35,0976024911888 
504,199999999999 35,8523067731022 
504,399999999999 35,1151517267348 
504,599999999999 34,367856609574 
504,799999999999 35,1285545258329 
504,999999999999 35,6729407581302 
505,199999999999 34,5522414367911 
505,399999999999 34,7017328667768 
505,599999999999 35,1269085999682 
505,799999999999 35,1884106730792 
505,999999999999 34,9278638806862 
506,199999999999 34,5630283694178 
506,399999999998 34,2687880723031 
506,599999999998 33,8158245016393 
506,799999999998 34,939854413734 
506,999999999998 35,0810523983024 
507,199999999998 35,0812255941823 
507,399999999998 35,3276775406797 
507,599999999998 35,0061989585509 
507,799999999998 34,2687072891788 
507,999999999998 34,0167012819446 
508,199999999998 34,7691451008671 
508,399999999998 34,7800599921917 
508,599999999998 34,4219845110058 
508,799999999998 34,3788898971677 
508,999999999998 34,7606617099012 
509,199999999998 36,1796659244842 
509,399999999998 35,4557533777289 
509,599999999998 34,2517822986298 
509,799999999998 34,078071266513 
509,999999999998 35,1453878792841 
510,199999999998 34,7971326233322 
510,399999999998 33,7294905719084 
510,599999999998 33,161736805587 
510,799999999998 34,3442632106789 
510,999999999998 34,7129526527382 
511,199999999998 34,9854804820224 
511,399999999998 34,2267028046418 
511,599999999998 34,2168746215551 
511,799999999998 34,7297336016386 
511,999999999998 35,1523910751455 
512,199999999998 34,7686662510758 
512,399999999998 34,0431739911991 
512,599999999998 34,140208927694 
512,799999999998 34,5965335163135 
512,999999999998 35,1729667383758 
513,199999999998 35,6857908538611 
513,399999999998 34,1955661203274 
513,599999999999 33,5000677344956 
513,799999999999 33,8800496233411 
513,999999999999 34,744729142223 
514,199999999999 35,7967431282726 
514,399999999999 34,6884437667939 
514,599999999999 33,0957363085003 
514,799999999999 34,1180068687703 
514,999999999999 34,7605282148587 
515,199999999999 34,465395053412 
515,399999999999 35,3968490726606 
515,599999999999 35,4834732094041 
515,799999999999 34,8660340251665 
515,999999999999 34,4104058963692 
516,199999999999 34,4263483028971 
516,399999999999 33,9290729760543 
516,599999999999 34,7675500780882 
516,799999999999 34,9411536511752 
516,999999999999 33,3694226168237 
517,199999999999 32,4511556400564 
517,399999999999 33,1810135813736 
517,599999999999 35,1003859269812 
517,8 36,5534472459517 
518 35,8009697793113 
518,2 33,943076370452 
518,4 33,1060473981784 
518,6 34,1968791228447 
518,8 34,491281366873 
519 34,930154878648 
519,2 34,3411728597909 
519,4 33,1998258136432 
519,6 32,4344677914694 
519,8 32,5564621917505 
520 33,9746260159432 
520,2 34,6645036751911 
520,4 34,6089029581177 
520,6 35,8030777712998 
520,8 36,0963417432977 
521 33,5898502542286 
521,2 32,3788882285548 
521,4 34,0273084026376 
521,6 34,5719254104478 
521,8 34,9915198081226 
522 35,643435503026 
522,200000000001 35,5087329203654 
522,400000000001 33,6934169821287 
522,600000000001 32,6423754328396 
522,800000000001 32,7904551685137 
523,000000000001 33,4101925077054 
523,200000000001 35,1540074850137 
523,400000000001 36,0054214287492 
523,600000000001 35,5279669668022 
523,800000000001 35,3725400755983 
524,000000000001 33,6260156391793 
524,200000000001 32,5298118976796 
524,400000000001 33,383075633499 
524,600000000001 33,6710512099314 
524,800000000001 34,6177700710835 
525,000000000001 34,7583400822079 
525,200000000001 35,2091460668972 
525,400000000001 36,097255876097 
525,600000000001 34,5241365254383 
525,800000000001 32,458124667688 
526,000000000001 33,0775416674066 
526,200000000001 34,0003689659374 
526,400000000001 34,346826749311 
526,600000000002 35,150408995928 
526,800000000002 35,9323505508522 
527,000000000002 36,7888351731595 
527,200000000002 35,9926523545722 
527,400000000002 33,4678353183748 
527,600000000002 33,0057507713192 
527,800000000002 33,2031363357537 
528,000000000002 33,9589758569037 
528,200000000002 34,9675356211278 
528,400000000002 35,9627353387195 
528,600000000002 37,2274629067988 
528,800000000002 36,9568444831459 
529,000000000002 35,4246544992753 
529,200000000002 33,0511194859197 
529,400000000002 33,0651378578297 
529,600000000002 33,9306996975637 
529,800000000002 34,0366937679126 
530,000000000002 34,9686808727633 
530,200000000002 35,9115392042735 
530,400000000002 36,7546414081515 
530,600000000002 37,490092833942 
530,800000000002 35,4115999547462 
531,000000000003 32,3608461870081 
531,200000000003 32,3922998454197 
531,400000000003 32,6687567086748 
531,600000000003 33,9048219349001 
531,800000000003 34,939286841504 
532,000000000003 36,4263647194445 
532,200000000003 36,9786290343406 
532,400000000003 37,243484010559 
532,600000000003 37,2374724494997 
532,800000000003 34,4256014691249 
533,000000000003 32,2043640949712 
533,200000000003 32,1918509291629 
533,400000000003 33,3108074497353 
533,600000000003 34,2425136602447 
533,800000000003 35,355068992963 
534,000000000003 36,6592471357848 
534,200000000003 37,976650854953 
534,400000000003 37,3662220559653 
534,600000000003 36,0291663278154 
534,800000000003 32,798855973643 
535,000000000003 31,4512841842755 
535,200000000003 33,1758531616408 
535,400000000004 34,2983418217762 
535,600000000004 35,6250042444389 
535,800000000004 36,5745074153287 
536,000000000004 36,4599287358464 
536,200000000004 36,411594718297 
536,400000000004 37,266703405904 
536,600000000004 37,7142622595574 
536,800000000004 35,6544135231624 
537,000000000004 32,213225901786 
537,200000000004 33,7907439529138 
537,400000000004 34,7763280179455 
537,600000000004 34,9925163306952 
537,800000000004 36,2589265863217 
538,000000000004 36,8299100910195 
538,200000000004 37,8083867162814 
538,400000000004 38,5749233544495 
538,600000000004 38,4676610760685 
538,800000000004 36,950816146661 
539,000000000004 33,3648958470578 
539,200000000004 33,1583763243779 
539,400000000004 34,2472541914461 
539,600000000004 34,3323234534064 
539,800000000005 34,549084448705 
540,000000000005 36,0377448438806 
540,200000000005 36,7467660559371 
540,400000000005 37,8061782965308 
540,600000000005 39,0447949819085 
540,800000000005 39,0476637897147 
541,000000000005 36,2466093334882 
541,200000000005 33,4042186369376 
541,400000000005 32,8071744580999 
541,600000000005 33,6713474862786 
541,800000000005 34,7562293029548 
542,000000000005 35,6293104120543 
542,200000000005 36,2385957775014 
542,400000000005 37,0041599528593 
542,600000000005 38,2097673797476 
542,800000000005 38,8510564094443 
543,000000000005 38,7639856802257 
543,200000000005 38,6135815674443 
543,400000000005 35,3193860188446 
543,600000000005 31,7389913209444 
543,800000000005 33,0277920920647 
544,000000000005 34,8114393629827 
544,200000000006 35,741740790864 
544,400000000006 37,0264989122362 
544,600000000006 37,0781360829847 
544,800000000006 37,5162268970047 
545,000000000006 37,8739529595881 
545,200000000006 37,7485212972485 
545,400000000006 38,7309212452682 
545,600000000006 38,2571438183792 
545,800000000006 36,0055550140931 
546,000000000006 33,6480869112509 
546,200000000006 34,1452974526705 
546,400000000006 35,1662771394152 
546,600000000006 35,8211425026889 
546,800000000006 36,7473630525035 
547,000000000006 38,6604444735367 
547,200000000006 39,1387695287099 
547,400000000006 38,8933243259329 
547,600000000006 38,7363145301744 
547,800000000006 38,275484259855 
548,000000000006 38,1616221725278 
548,200000000006 37,0039770531905 
548,400000000006 35,6637871732687 
548,600000000007 35,3058269701761 
548,800000000007 34,2319092880861 
549,000000000007 36,0017968247018 
549,200000000007 37,4730953412956 
549,400000000007 37,5114337039541 
549,600000000007 38,1458560531352 
549,800000000007 38,2850616531661 
550,000000000007 38,4222297307159 
550,200000000007 39,4254060612846 
550,400000000007 40,5227933611922 
550,600000000007 38,3526378208422 
550,800000000007 35,7297752020022 
551,000000000007 35,8829486943521 
551,200000000007 36,022028118314 
551,400000000007 36,5159196192176 
551,600000000007 37,7135210868199 
551,800000000007 38,1584079025834 
552,000000000007 38,4277285323119 
552,200000000007 38,4180570146854 
552,400000000007 38,0653605126488 
552,600000000007 38,273331309549 
552,800000000007 38,9868265313496 
553,000000000008 39,8340321623646 
553,200000000008 39,5584844114679 
553,400000000008 37,4540191726489 
553,600000000008 36,3165229277225 
553,800000000008 37,6250319758325 
554,000000000008 38,0746437558655 
554,200000000008 37,9148423024225 
554,400000000008 38,9071988312996 
554,600000000008 38,6193626701982 
554,800000000008 38,3126518035361 
555,000000000008 38,988614719033 
555,200000000008 39,0645444123338 
555,400000000008 39,5233705080198 
555,600000000008 40,3950275527992 
555,800000000008 40,9856033235928 
556,000000000008 38,6047791757768 
556,200000000008 37,1341522078351 
556,400000000008 37,0000184395836 
556,600000000008 37,8789702734692 
556,800000000008 39,5590756696141 
557,000000000008 39,991880018856 
557,200000000008 38,5983881801376 
557,400000000009 37,2457230098131 
557,600000000009 37,3124099124539 
557,800000000009 39,124716156627 
558,000000000009 40,7136294741306 
558,200000000009 41,3964513380583 
558,400000000009 40,4976712428791 
558,600000000009 40,1225145021563 
558,800000000009 38,8982606239249 
559,000000000009 37,5995988959657 
559,200000000009 38,7765211626535 
559,400000000009 40,2050345736943 
559,600000000009 40,5533580360066 
559,800000000009 40,5142919437281 
560,000000000009 39,3310239457457 
560,200000000009 38,0049032497 
560,400000000009 38,361877109829 
560,600000000009 39,5443743689648 
560,800000000009 40,2986307467458 
561,000000000009 40,8070287935726 
561,200000000009 41,5450944900429 
561,400000000009 42,9385786568654 
561,600000000009 42,4969557854892 
561,80000000001 40,1341010413071 
562,00000000001 39,0625312432681 
562,20000000001 39,0501040892641 
562,40000000001 40,5680909292392 
562,60000000001 40,0463573760296 
562,80000000001 39,1825645000577 
563,00000000001 39,8036559042057 
563,20000000001 39,4636931099232 
563,40000000001 40,1253972889789 
563,60000000001 40,7120291279335 
563,80000000001 40,8952327128237 
564,00000000001 41,5688510494099 
564,20000000001 41,8649052671889 
564,40000000001 42,7111809828318 
564,60000000001 41,9084373711475 
564,80000000001 40,1824248431015 
565,00000000001 40,2084026484504 
565,20000000001 40,9643902948782 
565,40000000001 40,826221888915 
565,60000000001 39,1369443743831 
565,80000000001 38,3489410055314 
566,00000000001 39,0251265062313 
566,200000000011 39,1147823289927 
566,400000000011 40,5221127181126 
566,600000000011 41,3747206512641 
566,800000000011 41,7259560113059 
567,000000000011 43,0817316245599 
567,200000000011 43,4954553310078 
567,400000000011 43,2982303294574 
567,600000000011 42,4864681516771 
567,800000000011 42,285798822221 
568,000000000011 41,5716393196976 
568,200000000011 40,8988726272895 
568,400000000011 39,8216407871591 
568,600000000011 38,752244019338 
568,800000000011 39,4862375739421 
569,000000000011 40,8975218413249 
569,200000000011 41,4250433188176 
569,400000000011 41,2209998620132 
569,600000000011 41,8994862086638 
569,800000000011 42,4601453043408 
570,000000000011 42,8894107358625 
570,200000000011 43,6245945341191 
570,400000000011 44,8828260080351 
570,600000000012 45,7729317105965 
570,800000000012 44,4117492455552 
571,000000000012 42,3123826904289 
571,200000000012 42,5518149383703 
571,400000000012 42,1974690303107 
571,600000000012 40,1274726127935 
571,800000000012 39,5996613482676 
572,000000000012 40,5737865697737 
572,200000000012 41,7124733618264 
572,400000000012 42,8167150415928 
572,600000000012 43,211020431643 
572,800000000012 43,2804153758755 
573,000000000012 42,9268469705145 
573,200000000012 43,6243820183379 
573,400000000012 44,3071844491491 
573,600000000012 44,9479751629809 
573,800000000012 46,0470235430221 
574,000000000012 44,4325746368433 
574,200000000012 43,4125135427875 
574,400000000012 43,47118839992 
574,600000000012 42,2784256931777 
574,800000000012 40,2782585498709 
575,000000000013 40,5562242710239 
575,200000000013 43,0064883881111 
575,400000000013 42,6322373989765 
575,600000000013 42,1406881461292 
575,800000000013 42,581121906769 
576,000000000013 43,0227434134328 
576,200000000013 43,7900597664337 
576,400000000013 45,0835579289965 
576,600000000013 45,4917529814968 
576,800000000013 44,3600103900979 
577,000000000013 45,0724419056892 
577,200000000013 46,5672142217625 
577,400000000013 45,468011425546 
577,600000000013 44,774720581547 
577,800000000013 44,5980254942155 
578,000000000013 43,596864049457 
578,200000000013 43,4913305480343 
578,400000000013 42,9230893403798 
578,600000000013 41,815013288899 
578,800000000013 42,0297715920559 
579,000000000013 42,8504306532881 
579,200000000013 42,7413793018118 
579,400000000014 44,0122755603423 
579,600000000014 45,4931616244011 
579,800000000014 44,9735789481907 
580,000000000014 44,4034282098339 
580,200000000014 45,2738850279813 
580,400000000014 46,53590663633 
580,600000000014 45,8567485876325 
580,800000000014 45,1152555880813 
581,000000000014 45,2083171038594 
581,200000000014 44,5406445518477 
581,400000000014 42,8267076196047 
581,600000000014 43,750650051544 
581,800000000014 42,7384950890921 
582,000000000014 42,4314577673702 
582,200000000014 42,4897627522433 
582,400000000014 43,1891272354962 
582,600000000014 45,1571293501738 
582,800000000014 45,4138717812569 
583,000000000014 44,5147506642242 
583,200000000014 44,9748659394847 
583,400000000014 45,3732818452677 
583,600000000014 45,8057074214875 
583,800000000015 46,7644737032445 
584,000000000015 47,5367436648777 
584,200000000015 48,3845312976367 
584,400000000015 48,1766099454645 
584,600000000015 46,6520218372076 
584,800000000015 44,7959732574274 
585,000000000015 43,5129898392888 
585,200000000015 43,1618783186877 
585,400000000015 44,7888583692316 
585,600000000015 44,8579514036143 
585,800000000015 44,3216032499421 
586,000000000015 45,0107850118103 
586,200000000015 45,8224559193059 
586,400000000015 47,2733190149712 
586,600000000015 46,5105884101016 
586,800000000015 45,7230734253416 
587,000000000015 46,4244493935094 
587,200000000015 47,6535051592801 
587,400000000015 48,7551875736497 
587,600000000015 49,1879230241142 
587,800000000015 48,4950425804765 
588,000000000015 47,3595823524477 
588,200000000016 45,9267824650924 
588,400000000016 44,3226067102122 
588,600000000016 43,6302755835323 
588,800000000016 43,7457267828558 
589,000000000016 43,4608891529857 
589,200000000016 44,3569431814072 
589,400000000016 45,3828818353956 
589,600000000016 46,0556096976145 
589,800000000016 45,563451082761 
590,000000000016 45,4290802379316 
590,200000000016 46,6269931434544 
590,400000000016 47,2100665385119 
590,600000000016 46,9009895812092 
590,800000000016 46,7889072305398 
591,000000000016 47,2761976106664 
591,200000000016 48,160781202869 
591,400000000016 48,4861406713396 
591,600000000016 48,3728921788374 
591,800000000016 46,995597451746 
592,000000000016 45,4105392325348 
592,200000000016 45,1765903190506 
592,400000000016 44,7991738094787 
592,600000000017 45,4699330946434 
592,800000000017 46,6964131644674 
593,000000000017 46,8682813663845 
593,200000000017 46,4076585073563 
593,400000000017 46,1247872513479 
593,600000000017 46,3357542324347 
593,800000000017 47,5814899950489 
594,000000000017 47,915372599114 
594,200000000017 48,9766954072596 
594,400000000017 49,2463498340512 
594,600000000017 48,274149080108 
594,800000000017 48,5790385768048 
595,000000000017 49,3273425339361 
595,200000000017 49,0835719066429 
595,400000000017 48,663430474143 
595,600000000017 45,5992287574495 
595,800000000017 46,327176237494 
596,000000000017 47,0727961258449 
596,200000000017 46,6115769413421 
596,400000000017 46,6681542581909 
596,600000000017 47,1686168115226 
596,800000000017 48,5285445182145 
597,000000000018 47,68225571623 
597,200000000018 47,3697885055603 
597,400000000018 48,9077881657083 
597,600000000018 48,3522270707858 
597,800000000018 48,3926102034233 
598,000000000018 49,5694150045691 
598,200000000018 49,5961342254057 
598,400000000018 50,1946057537599 
598,600000000018 50,3220813170022 
598,800000000018 49,47101107963 
599,000000000018 48,9805800747274 
599,200000000018 48,570947809276 
599,400000000018 47,0977802546571 
599,600000000018 46,4287479014327 
599,800000000018 46,0980318134151 
600,000000000018 46,2009266380514 
600,200000000018 47,2981785360792 
600,400000000018 47,4613339041893 
600,600000000018 47,3421827646758 
600,800000000018 48,7776314512788 
601,000000000018 48,8969586809129 
601,200000000018 48,0510254548833 
601,400000000019 47,9558633287901 
601,600000000019 48,587682178822 
601,800000000019 49,6946888899411 
602,000000000019 50,1158700592192 
602,200000000019 49,4715800178653 
602,400000000019 49,8952363944227 
602,600000000019 49,8600698221278 
602,800000000019 49,8448932210801 
603,000000000019 49,9288409688118 
603,200000000019 48,970748953078 
603,400000000019 48,4103049760592 
603,600000000019 48,3894558490738 
603,800000000019 47,971538145067 
604,000000000019 47,9524998431663 
604,200000000019 48,0200485127257 
604,400000000019 48,1031213500396 
604,600000000019 48,6132150081339 
604,800000000019 49,0327212985415 
605,000000000019 48,9381564758259 
605,200000000019 49,5282560625143 
605,400000000019 49,7452251761251 
605,600000000019 49,7350202410852 
605,80000000002 49,7399693659603 
606,00000000002 49,8813635642865 
606,20000000002 51,005238813623 
606,40000000002 50,4775123018347 
606,60000000002 49,9013288220481 
606,80000000002 50,8055102763356 
607,00000000002 49,5186017791286 
607,20000000002 48,239755831382 
607,40000000002 47,8456416732682 
607,60000000002 47,6135930147562 
607,80000000002 48,1727396846084 
608,00000000002 49,2051038355818 
608,20000000002 49,9188642639207 
608,40000000002 49,1439769108383 
608,60000000002 48,973802288158 
608,80000000002 49,5230546168728 
609,00000000002 50,1574141503292 
609,20000000002 50,1181578361268 
609,40000000002 50,3440372673701 
609,60000000002 51,0145721439262 
609,80000000002 50,3137435322731 
610,00000000002 50,8864746556224 
610,200000000021 50,5166660158488 
610,400000000021 50,0025806674036 
610,600000000021 50,1751346701238 
610,800000000021 50,4492371608575 
611,000000000021 49,6814745023956 
611,200000000021 49,3285556499541 
611,400000000021 49,1971001476107 
611,600000000021 48,729559180612 
611,800000000021 48,7518011172189 
612,000000000021 50,041076894274 
612,200000000021 49,9280963452662 
612,400000000021 49,9599021889369 
612,600000000021 50,7063542768989 
612,800000000021 50,4619222066242 
613,000000000021 49,3731640223911 
613,200000000021 49,4070669807331 
613,400000000021 51,6246645020772 
613,600000000021 51,6389559550206 
613,800000000021 50,9426230083946 
614,000000000021 51,4098204160733 
614,200000000021 50,513079776465 
614,400000000021 50,2937902418902 
614,600000000022 51,2652637164443 
614,800000000022 51,1381142249512 
615,000000000022 51,1167986437766 
615,200000000022 50,0855331125289 
615,400000000022 49,0095142848526 
615,600000000022 49,7993590404215 
615,800000000022 50,4178836237721 
616,000000000022 50,2988236416653 
616,200000000022 49,9337820423892 
616,400000000022 49,5891531254413 
616,600000000022 50,4356629100192 
616,800000000022 50,9096510243525 
617,000000000022 50,9714127849205 
617,200000000022 51,3235589381961 
617,400000000022 50,8785455970334 
617,600000000022 50,8282415640913 
617,800000000022 51,3695023906011 
618,000000000022 51,8008952136849 
618,200000000022 51,7981071127078 
618,400000000022 51,6997128933412 
618,600000000022 51,6491112168177 
618,800000000022 51,4999026996938 
619,000000000023 50,9143290279601 
619,200000000023 50,5387261154712 
619,400000000023 50,2089379163019 
619,600000000023 50,1983774814834 
619,800000000023 50,5931205866413 
620,000000000023 50,489415565388 
620,200000000023 50,6705775999171 
620,400000000023 51,3685004498468 
620,600000000023 51,3701289301563 
620,800000000023 50,6700741284639 
621,000000000023 50,4850784734016 
621,200000000023 51,5199389433713 
621,400000000023 51,0460445745016 
621,600000000023 51,3820375523235 
621,800000000023 51,1497229093534 
622,000000000023 51,1105301391432 
622,200000000023 51,4481377954379 
622,400000000023 50,982565314339 
622,600000000023 51,8458128299001 
622,800000000023 51,8342534551422 
623,000000000023 51,9322466823622 
623,200000000023 51,7372705755986 
623,400000000024 51,500100068428 
623,600000000024 50,4602980710722 
623,800000000024 51,0816529145958 
624,000000000024 50,9118315584259 
624,200000000024 50,516609496349 
624,400000000024 50,8144714097309 
624,600000000024 50,3963478760127 
624,800000000024 51,2037204128435 
625,000000000024 51,7567436411854 
625,200000000024 52,0203105373163 
625,400000000024 51,2693126371073 
625,600000000024 51,3956447276464 
625,800000000024 51,2063223001458 
626,000000000024 49,9492079568812 
626,200000000024 51,0608387486297 
626,400000000024 52,1493526588824 
626,600000000024 51,9998272810349 
626,800000000024 51,3504450127058 
627,000000000024 51,7742305901221 
627,200000000024 51,3757832064568 
627,400000000024 52,0198758438234 
627,600000000024 51,6405614835452 
627,800000000025 51,4763227130356 
628,000000000025 51,1281905890217 
628,200000000025 52,3848611016681 
628,400000000025 52,3446668738072 
628,600000000025 50,5641159801378 
628,800000000025 49,7698275889735 
629,000000000025 51,2129731464819 
629,200000000025 52,0306243439827 
629,400000000025 51,5151843788639 
629,600000000025 51,0182400233422 
629,800000000025 50,8823233779919 
630,000000000025 51,5866436195755 
630,200000000025 51,8874225173917 
630,400000000025 51,2092882903719 
630,600000000025 51,3565327323518 
630,800000000025 51,3736057762745 
631,000000000025 52,0506014898758 
631,200000000025 52,2266003246951 
631,400000000025 51,9413392640559 
631,600000000025 51,0449102507719 
631,800000000025 52,1053304181521 
632,000000000025 51,8476017707035 
632,200000000026 51,0081348741786 
632,400000000026 50,7708908262692 
632,600000000026 50,7625067453103 
632,800000000026 51,3235832148097 
633,000000000026 51,6486471487365 
633,200000000026 52,7097875802197 
633,400000000026 52,7565824613013 
633,600000000026 51,3516590548725 
633,800000000026 52,0295102372737 
634,000000000026 52,0059015243209 
634,200000000026 51,7288016418099 
634,400000000026 51,8439380119549 
634,600000000026 51,8694175428078 
634,800000000026 51,0752990788773 
635,000000000026 51,9727343360115 
635,200000000026 51,7374567425743 
635,400000000026 51,7009175733292 
635,600000000026 52,2544423600091 
635,800000000026 51,9039054197261 
636,000000000026 51,7255470767682 
636,200000000026 51,9780117795022 
636,400000000026 52,1438589042996 
636,600000000027 51,4341111411324 
636,800000000027 51,8003739319907 
637,000000000027 52,3116508481709 
637,200000000027 52,2508659083462 
637,400000000027 51,9963360565853 
637,600000000027 52,3344082850783 
637,800000000027 52,9677964269597 
638,000000000027 52,9448909501445 
638,200000000027 52,861514293748 
638,400000000027 53,0892552427643 
638,600000000027 51,5354491163058 
638,800000000027 51,0461224733518 
639,000000000027 52,0676465648474 
639,200000000027 51,7844954263192 
639,400000000027 52,1791196550439 
639,600000000027 53,2852568583676 
639,800000000027 52,3830709820804 
640,000000000027 51,3715254547937 
640,200000000027 51,4569337149393 
640,400000000027 51,6406840328732 
640,600000000027 52,4189506996482 
640,800000000027 52,2041040312029 
641,000000000028 51,1506475196565 
641,200000000028 51,5280878017357 
641,400000000028 51,8818176435904 
641,600000000028 52,8199562234061 
641,800000000028 52,3758678464544 
642,000000000028 51,3106273053093 
642,200000000028 50,90754872579 
642,400000000028 52,0847625794786 
642,600000000028 52,6112826771525 
642,800000000028 53,3111370398118 
643,000000000028 53,1159368060794 
643,200000000028 53,3301998474096 
643,400000000028 53,2619479425833 
643,600000000028 52,7398836471945 
643,800000000028 52,9703463578698 
644,000000000028 51,5693576305481 
644,200000000028 52,1410849728742 
644,400000000028 52,9129938053275 
644,600000000028 52,1336972181739 
644,800000000028 52,4586429640831 
645,000000000028 51,8309588160995 
645,200000000028 50,9685404508037 
645,400000000029 51,8725056614934 
645,600000000029 52,4549127340773 
645,800000000029 52,867474468293 
646,000000000029 52,6272868592597 
646,200000000029 52,1864716372589 
646,400000000029 52,6768226652 
646,600000000029 52,5730316563903 
646,800000000029 52,3983919253781 
647,000000000029 51,8037350903991 
647,200000000029 51,9096495102158 
647,400000000029 52,1852515085977 
647,600000000029 51,7067486439676 
647,800000000029 52,5122390267966 
648,000000000029 52,7176802696934 
648,200000000029 51,9061097697468 
648,400000000029 51,8914518772236 
648,600000000029 52,0175015519221 
648,800000000029 52,5333588771921 
649,000000000029 51,9345813418745 
649,200000000029 52,2955074167724 
649,400000000029 51,5320650896971 
649,600000000029 51,9928833698797 
649,80000000003 51,8661309773713 
650,00000000003 52,9303606127592 
650,20000000003 52,8476381312367 
650,40000000003 52,5015484631034 
650,60000000003 52,0141158477507 
650,80000000003 52,2776939074815 
651,00000000003 52,16486318209 
651,20000000003 52,6242050749927 
651,40000000003 52,5463667943653 
651,60000000003 52,8376149871314 
651,80000000003 52,1863930284094 
652,00000000003 52,292416535511 
652,20000000003 53,0779085337496 
652,40000000003 52,7237759410478 
652,60000000003 51,8061573281646 
652,80000000003 51,0656209678052 
653,00000000003 51,6644645864138 
653,20000000003 52,5490456950544 
653,40000000003 52,6330332164194 
653,60000000003 52,8321678452896 
653,80000000003 51,9013839914821 
654,00000000003 51,3060899587134 
654,200000000031 51,8153111463039 
654,400000000031 50,1377392820763 
654,600000000031 50,6679822108258 
654,800000000031 51,3873520346219 
