Wavelength Trans 
nm % 
331 18,4851991458192 
331,2 17,1391390352945 
331,4 23,673874832778 
331,6 21,6485912462721 
331,8 18,8416188518433 
332 22,8756675011161 
332,2 22,97385862826 
332,4 23,2531845377989 
332,6 19,4199468324396 
332,8 22,703065805214 
333 25,4235316085523 
333,2 22,7418689235161 
333,4 24,6084934107011 
333,6 31,0078766292288 
333,8 26,2451610164526 
334 24,4600728127271 
334,2 23,9597239052914 
334,4 33,638966801579 
334,6 29,1377644855188 
334,8 26,6852245080033 
335 27,0149199879114 
335,2 28,300909474987 
335,4 28,9457659181287 
335,6 37,5758460000005 
335,8 26,9066110007943 
336 25,4800839093233 
336,2 24,3150183473745 
336,4 25,974150195092 
336,6 24,4362837378071 
336,8 25,9855732880311 
337 23,9567412744563 
337,2 27,9659740560346 
337,4 26,8448675564854 
337,6 32,6546608891547 
337,8 25,6718860969665 
338 31,8006412950959 
338,2 27,8395857696502 
338,4 33,4957194534096 
338,6 29,4298422263718 
338,8 32,4593565936125 
339 30,8926355392753 
339,2 29,1032571279725 
339,4 33,6939522095208 
339,6 34,9645824619396 
339,8 31,4244440927763 
339,999999999999 31,1301929232453 
340,199999999999 32,1227966252919 
340,399999999999 38,1100544991474 
340,599999999999 36,2465099493464 
340,799999999999 33,4195039692239 
340,999999999999 32,7081880947757 
341,199999999999 26,3234751518734 
341,399999999999 26,7681051996139 
341,599999999999 31,6707240871565 
341,799999999999 33,2538847443881 
341,999999999999 34,3568487060012 
342,199999999999 35,1844181624126 
342,399999999999 33,3240386057258 
342,599999999999 31,8540889881095 
342,799999999999 27,8012833191097 
342,999999999999 32,7584913732141 
343,199999999999 33,4840861022055 
343,399999999999 34,8958899627178 
343,599999999999 35,0476435641348 
343,799999999999 33,8173858918498 
343,999999999999 31,7998644956343 
344,199999999999 36,5412534879275 
344,399999999999 37,6097343252649 
344,599999999999 34,4671877116564 
344,799999999999 38,2821084620985 
344,999999999999 37,1836741621469 
345,199999999999 38,7143389016298 
345,399999999999 36,8894815746877 
345,599999999999 34,9708256356966 
345,799999999999 35,8908270736448 
345,999999999999 31,3965944277048 
346,199999999999 37,6733759442914 
346,399999999999 36,088256724498 
346,599999999999 36,3893200953974 
346,799999999999 40,0796197987681 
346,999999999999 36,0195938036585 
347,199999999999 39,0925229056516 
347,399999999999 34,2454780588628 
347,599999999999 32,4428615367156 
347,799999999999 37,9358085507235 
347,999999999999 32,0972989294682 
348,199999999999 36,4307301967438 
348,399999999999 31,7224764811147 
348,599999999999 35,257396026828 
348,799999999999 40,2493403330811 
348,999999999999 34,4119584546287 
349,199999999999 41,0369447387769 
349,399999999999 40,2745781192055 
349,599999999999 33,3481087204793 
349,799999999999 37,8636883040146 
349,999999999999 39,1909859619961 
350,199999999999 36,1115655769757 
350,399999999999 38,6451357774422 
350,599999999999 34,7853419228884 
350,799999999999 35,0652970623286 
350,999999999999 36,1029155035587 
351,199999999999 36,053625204332 
351,399999999999 38,5859640098219 
351,599999999999 38,4266835845979 
351,799999999999 36,0113184835996 
351,999999999999 36,2133682808526 
352,199999999999 37,1628444144974 
352,399999999999 40,8239210145254 
352,599999999999 40,5868011716633 
352,799999999999 37,5221059805106 
352,999999999999 42,0453654876019 
353,199999999999 40,5072616818822 
353,399999999999 40,0901986732191 
353,599999999999 39,1536254762956 
353,799999999999 37,3211689699752 
353,999999999999 39,3078304467295 
354,199999999999 41,0102714776554 
354,399999999999 37,4946516655431 
354,599999999999 41,7702710972275 
354,799999999999 38,8531800729738 
354,999999999999 38,4611203471251 
355,199999999999 37,7719626330165 
355,399999999999 37,8749457083741 
355,599999999999 39,2198317143204 
355,799999999999 42,2415773890833 
355,999999999999 43,6131541327154 
356,199999999999 40,5063547024374 
356,399999999999 39,3067447251669 
356,599999999999 40,3922826249739 
356,799999999999 38,5878384316079 
356,999999999999 39,2345694578334 
357,199999999999 40,6155064096195 
357,399999999998 40,2290187122358 
357,599999999998 40,8115629163108 
357,799999999998 40,4774373876859 
357,999999999998 40,0220215752976 
358,199999999998 41,5785543641294 
358,399999999998 40,0704195118152 
358,599999999998 38,8579039312222 
358,799999999998 39,7712499620821 
358,999999999998 40,5026715259226 
359,199999999998 35,9829074898391 
359,399999999998 42,8247706529055 
359,599999999998 43,9181259868579 
359,799999999998 41,3885374883523 
359,999999999998 36,7990853124909 
360,199999999998 41,4254995815768 
360,399999999998 43,2171949223013 
360,599999999998 41,0392422665397 
360,799999999998 41,5235713581096 
360,999999999998 40,8617538528444 
361,199999999998 40,3280210441904 
361,399999999998 41,5935948284953 
361,599999999998 38,7647314588956 
361,799999999998 35,7758246210798 
361,999999999998 40,279009048156 
362,199999999998 43,5173890712819 
362,399999999998 38,9351579001372 
362,599999999998 40,5898294645043 
362,799999999998 43,044393142831 
362,999999999998 40,4817476518621 
363,199999999998 39,3655344329747 
363,399999999998 43,7108201254913 
363,599999999998 40,4434132337864 
363,799999999998 39,9079533033144 
363,999999999998 42,2434392318641 
364,199999999998 43,9223631593689 
364,399999999998 41,670043979852 
364,599999999998 42,3526078090716 
364,799999999998 39,7814505487344 
364,999999999998 41,241716857051 
365,199999999998 42,1423909306508 
365,399999999998 44,9938631053126 
365,599999999998 41,2093648338817 
365,799999999998 42,2006293963576 
365,999999999998 45,7160180334062 
366,199999999998 38,2537850074897 
366,399999999998 45,2400660964147 
366,599999999998 43,5440710468818 
366,799999999998 41,5977120086068 
366,999999999998 41,3595891581663 
367,199999999998 43,4718708824702 
367,399999999998 42,3741203887929 
367,599999999998 44,2253878245445 
367,799999999998 38,7310384169914 
367,999999999998 43,8516984061672 
368,199999999998 42,5710961834864 
368,399999999998 39,6060779875932 
368,599999999998 41,9559708453966 
368,799999999998 45,9773309159552 
368,999999999998 39,9686086797933 
369,199999999998 42,2501010652524 
369,399999999998 43,4133702614433 
369,599999999998 41,7235733398154 
369,799999999998 41,2630710407685 
369,999999999998 41,8805610825108 
370,199999999998 41,4564922766317 
370,399999999998 40,7158586929192 
370,599999999998 41,6537309871331 
370,799999999998 40,3259757009798 
370,999999999998 42,757951445065 
371,199999999998 44,2265874958968 
371,399999999998 43,1244277412273 
371,599999999998 38,4243208388908 
371,799999999998 41,5352894837487 
371,999999999998 42,9098357380633 
372,199999999998 39,9709783899648 
372,399999999998 38,1884249212311 
372,599999999998 43,0087198392984 
372,799999999998 41,6732697993169 
372,999999999998 42,7008299068203 
373,199999999998 40,6555563224985 
373,399999999998 42,9921988185664 
373,599999999998 42,3342718697236 
373,799999999998 40,0397166927325 
373,999999999998 42,225803126975 
374,199999999998 41,1065027196737 
374,399999999998 39,3962306684481 
374,599999999998 41,0983584793757 
374,799999999998 39,2329651617695 
374,999999999997 42,7210677234004 
375,199999999997 39,6250929242862 
375,399999999997 41,3720918883488 
375,599999999997 43,0304594242315 
375,799999999997 40,3146082504467 
375,999999999997 40,9290126670767 
376,199999999997 40,2104497704899 
376,399999999997 42,2106508680713 
376,599999999997 41,4396789099345 
376,799999999997 40,9115233795472 
376,999999999997 41,5689470232852 
377,199999999997 39,6389645705498 
377,399999999997 41,8780731689067 
377,599999999997 42,967812771841 
377,799999999997 41,2535950218949 
377,999999999997 43,5288569499437 
378,199999999997 41,14998072537 
378,399999999997 40,7963672855622 
378,599999999997 41,1314829052472 
378,799999999997 40,1245781712622 
378,999999999997 40,4845518812876 
379,199999999997 42,234889111772 
379,399999999997 41,5333511203791 
379,599999999997 41,0971193262736 
379,799999999997 42,2073467867211 
379,999999999997 39,7926159125061 
380,199999999997 41,4707818028249 
380,399999999997 42,0567028690889 
380,599999999997 41,9521379403783 
380,799999999997 40,679116919444 
380,999999999997 39,9876245300966 
381,199999999997 41,1916023121575 
381,399999999997 41,5403309960017 
381,599999999997 41,3469484321669 
381,799999999997 41,189821956321 
381,999999999997 40,7841139836606 
382,199999999997 40,4046941641269 
382,399999999997 42,4198110919793 
382,599999999997 41,0395619898197 
382,799999999997 41,6511858457709 
382,999999999997 43,7825278593895 
383,199999999997 40,7202006848803 
383,399999999997 43,0860616082105 
383,599999999997 42,7504528618727 
383,799999999997 43,4990726217738 
383,999999999997 43,8942326062986 
384,199999999997 41,1977979274302 
384,399999999997 42,0858873792636 
384,599999999997 42,9337103365163 
384,799999999997 42,8025654159941 
384,999999999997 42,6077190513302 
385,199999999997 42,6671152336339 
385,399999999997 42,5005576287389 
385,599999999997 43,3697689044906 
385,799999999997 43,9436486358791 
385,999999999997 43,3850624932607 
386,199999999997 43,5845293158695 
386,399999999997 42,8789891860191 
386,599999999997 42,8780401529188 
386,799999999997 43,8544911553992 
386,999999999997 41,9066918382222 
387,199999999997 43,1634563408516 
387,399999999997 43,6570484362174 
387,599999999997 43,7279107458548 
387,799999999997 42,8840024157904 
387,999999999997 44,224410817504 
388,199999999997 43,70800549147 
388,399999999997 42,1722796940298 
388,599999999997 44,2913528063507 
388,799999999997 43,1089556922443 
388,999999999997 43,4032541106539 
389,199999999997 43,114405676489 
389,399999999997 44,1298810607885 
389,599999999997 42,9168126118742 
389,799999999997 42,3301543347852 
389,999999999997 43,8535978487298 
390,199999999997 44,201616488549 
390,399999999997 43,7616625116672 
390,599999999997 43,6840997215531 
390,799999999997 43,3513549789865 
390,999999999997 43,9993842694547 
391,199999999997 43,7033885260875 
391,399999999997 43,5877720364704 
391,599999999997 43,5244826154343 
391,799999999997 43,4986779129522 
391,999999999997 44,2838257008864 
392,199999999997 45,3275158254271 
392,399999999997 44,937203576509 
392,599999999996 43,9112345700735 
392,799999999996 43,4337569700517 
392,999999999996 43,7147585016941 
393,199999999996 44,6455413987422 
393,399999999996 44,5164810157061 
393,599999999996 45,3706424521115 
393,799999999996 45,078726304602 
393,999999999996 44,2696030040328 
394,199999999996 44,8441745421306 
394,399999999996 44,0667589338587 
394,599999999996 44,7450623668109 
394,799999999996 45,6329874790831 
394,999999999996 44,2772647551616 
395,199999999996 44,9973280527893 
395,399999999996 44,7295813410122 
395,599999999996 44,1174913214284 
395,799999999996 45,5126459690085 
395,999999999996 42,7674763481454 
396,199999999996 43,7103078742498 
396,399999999996 44,2545796933924 
396,599999999996 42,4811541417635 
396,799999999996 44,9119663340213 
396,999999999996 44,3468957092932 
397,199999999996 43,5162969602607 
397,399999999996 43,6565678505149 
397,599999999996 43,8982002870911 
397,799999999996 44,0838405516948 
397,999999999996 44,0372963411264 
398,199999999996 44,215953256929 
398,399999999996 43,8556158072847 
398,599999999996 45,6013611956523 
398,799999999996 45,2942097064797 
398,999999999996 43,4063761716514 
399,199999999996 44,232979815302 
399,399999999996 44,6548237094557 
399,599999999996 44,1054657566701 
399,799999999996 44,2111003063018 
399,999999999996 44,7156546458211 
400,199999999996 45,1669692522309 
400,399999999996 43,4235475004655 
400,599999999996 44,8820742371219 
400,799999999996 45,1249077602595 
400,999999999996 44,3175901355077 
401,199999999996 44,7445550541135 
401,399999999996 46,1073546514932 
401,599999999996 43,7994455594301 
401,799999999996 43,7969621968682 
401,999999999996 43,550409641108 
402,199999999996 45,2522176216059 
402,399999999996 44,6737695893523 
402,599999999996 44,1815579177381 
402,799999999996 44,6786482745988 
402,999999999996 45,6409451014489 
403,199999999996 44,3785547273306 
403,399999999996 44,5101578690379 
403,599999999996 44,5970174352837 
403,799999999996 44,666622730868 
403,999999999996 45,1131597010674 
404,199999999996 44,6919577442633 
404,399999999996 45,4878210127464 
404,599999999996 44,104276074864 
404,799999999996 43,1387772161472 
404,999999999996 45,9808778276931 
405,199999999996 45,3634339112583 
405,399999999996 43,9650864303381 
405,599999999996 44,8815564175758 
405,799999999996 44,6579706300817 
405,999999999996 44,7839025027598 
406,199999999996 43,9950932362641 
406,399999999996 45,333511809093 
406,599999999996 46,0766244459107 
406,799999999996 44,5975774106377 
406,999999999996 45,7291221379977 
407,199999999996 45,1862100351773 
407,399999999996 45,2583076277309 
407,599999999996 44,2049704768895 
407,799999999996 44,3932796162308 
407,999999999996 46,2358356231903 
408,199999999996 44,2189593828481 
408,399999999996 45,0372473123747 
408,599999999996 44,17614504712 
408,799999999996 44,6977483923833 
408,999999999996 44,5140485920297 
409,199999999996 45,1809776590111 
409,399999999996 45,5263633040422 
409,599999999996 45,0867128258098 
409,799999999996 44,7052342128997 
409,999999999996 45,2771202007667 
410,199999999995 43,9384643792105 
410,399999999995 44,7117280661655 
410,599999999995 43,4087057069601 
410,799999999995 44,8848441638875 
410,999999999995 44,2607086380338 
411,199999999995 44,7215864340391 
411,399999999995 45,351054132884 
411,599999999995 46,050848421399 
411,799999999995 45,5338706891672 
411,999999999995 44,9487271975766 
412,199999999995 45,2106616126248 
412,399999999995 44,9054770204219 
412,599999999995 44,6164167006005 
412,799999999995 44,6583962089831 
412,999999999995 45,2476507550757 
413,199999999995 46,0134848480651 
413,399999999995 45,1840557376403 
413,599999999995 44,8384702303048 
413,799999999995 45,3211584086546 
413,999999999995 44,934033291602 
414,199999999995 45,5742534354405 
414,399999999995 44,7820300940549 
414,599999999995 44,9424117843557 
414,799999999995 45,7008250380691 
414,999999999995 45,6540477991272 
415,199999999995 45,2074550483604 
415,399999999995 43,9221191410049 
415,599999999995 44,2752333286754 
415,799999999995 45,6681589240221 
415,999999999995 44,7648807109149 
416,199999999995 45,5452442267629 
416,399999999995 44,3967809579693 
416,599999999995 44,1382513873846 
416,799999999995 45,3428035343226 
416,999999999995 45,1429128047297 
417,199999999995 44,5424117672038 
417,399999999995 45,3962601423147 
417,599999999995 43,950405022544 
417,799999999995 44,9451693609528 
417,999999999995 44,1134976364001 
418,199999999995 44,7510331505652 
418,399999999995 45,5789583626817 
418,599999999995 44,7723964197959 
418,799999999995 44,4969438764775 
418,999999999995 45,4771043242881 
419,199999999995 45,413550660632 
419,399999999995 45,0815559203834 
419,599999999995 45,1736903228464 
419,799999999995 44,9517756646333 
419,999999999995 44,8463573998446 
420,199999999995 45,3037150241262 
420,399999999995 45,334432297474 
420,599999999995 44,6964572182988 
420,799999999995 45,5996472289035 
420,999999999995 44,7880939457848 
421,199999999995 44,0394334969517 
421,399999999995 43,6842582343969 
421,599999999995 44,9289343702903 
421,799999999995 45,6124377694588 
421,999999999995 45,740766441499 
422,199999999995 44,5065087176736 
422,399999999995 44,5885694596305 
422,599999999995 45,0282912203754 
422,799999999995 45,2074200199199 
422,999999999995 44,1731883774056 
423,199999999995 44,9992055536977 
423,399999999995 44,7508488116493 
423,599999999995 44,0976373656624 
423,799999999995 44,4097369278396 
423,999999999995 44,5513221257801 
424,199999999995 43,8878417646256 
424,399999999995 45,0433128605518 
424,599999999995 44,2768514181813 
424,799999999995 43,9145506413791 
424,999999999995 44,9451188972129 
425,199999999995 46,0060548050212 
425,399999999995 44,5371721491001 
425,599999999995 44,5909970369583 
425,799999999995 44,8269510592576 
425,999999999995 44,3540331389085 
426,199999999995 44,3918422967066 
426,399999999995 43,3104378481199 
426,599999999995 44,1793388459378 
426,799999999995 44,5608595515427 
426,999999999995 44,6903524711587 
427,199999999995 43,9520077248002 
427,399999999995 44,9018645171107 
427,599999999995 44,7520441707344 
427,799999999994 44,3838514536682 
427,999999999994 44,865907420617 
428,199999999994 45,0972882824736 
428,399999999994 44,8373523070135 
428,599999999994 44,5063911730259 
428,799999999994 44,6882636756132 
428,999999999994 44,3911099829682 
429,199999999994 43,3870790139628 
429,399999999994 44,2543084042226 
429,599999999994 43,6809928510743 
429,799999999994 44,3751756842926 
429,999999999994 44,5914424802383 
430,199999999994 44,4828962787948 
430,399999999994 44,3832147108833 
430,599999999994 43,8813216576239 
430,799999999994 43,6027903093304 
430,999999999994 43,9387867794401 
431,199999999994 43,8711365465644 
431,399999999994 43,9725296476481 
431,599999999994 44,3813433129292 
431,799999999994 44,3514445843238 
431,999999999994 44,0616001574497 
432,199999999994 44,6914121422192 
432,399999999994 44,7239443867963 
432,599999999994 43,937272729331 
432,799999999994 43,5622013477332 
432,999999999994 45,1777548722403 
433,199999999994 43,8582968550433 
433,399999999994 44,3356004354134 
433,599999999994 43,9685331061208 
433,799999999994 43,4016045473601 
433,999999999994 43,14561870983 
434,199999999994 43,2956437551218 
434,399999999994 44,8690158221309 
434,599999999994 43,6061992886901 
434,799999999994 43,3402108920043 
434,999999999994 43,1320903987967 
435,199999999994 44,4124189679473 
435,399999999994 43,7135533025163 
435,599999999994 43,0152239320693 
435,799999999994 43,4497145837488 
435,999999999994 42,7991996757441 
436,199999999994 42,6517867441267 
436,399999999994 43,805096110881 
436,599999999994 42,9805231453296 
436,799999999994 42,3752511721882 
436,999999999994 43,1326163521983 
437,199999999994 43,3876257405666 
437,399999999994 42,4421914959817 
437,599999999994 42,7819852783475 
437,799999999994 44,2278969768797 
437,999999999994 43,5770552421196 
438,199999999994 42,6879841157967 
438,399999999994 42,5316964147943 
438,599999999994 41,8984247125444 
438,799999999994 42,6031477264432 
438,999999999994 42,6497761526712 
439,199999999994 43,0230992941171 
439,399999999994 42,6950631290638 
439,599999999994 43,1270025286473 
439,799999999994 43,0857118648463 
439,999999999994 43,3355216940313 
440,199999999994 42,8272255213351 
440,399999999994 41,9910320245874 
440,599999999994 43,838417205654 
440,799999999994 42,1523277248585 
440,999999999994 43,609948459946 
441,199999999994 41,9331512365723 
441,399999999994 42,5348026718756 
441,599999999994 42,0965883282053 
441,799999999994 42,3339952187808 
441,999999999994 41,7097051112061 
442,199999999994 41,4169789322434 
442,399999999994 41,3193062430813 
442,599999999994 42,0448016725737 
442,799999999994 42,3132442347077 
442,999999999994 41,8607167777386 
443,199999999994 40,6454687895786 
443,399999999994 42,3437404482364 
443,599999999994 41,131087213548 
443,799999999994 41,4813407324509 
443,999999999994 41,1259938502511 
444,199999999994 41,6809875831372 
444,399999999994 42,5581790791158 
444,599999999994 41,0134427706808 
444,799999999994 41,7219352084651 
444,999999999994 40,5979587035939 
445,199999999994 41,284199907403 
445,399999999993 40,2648035015446 
445,599999999993 41,1570913631711 
445,799999999993 40,5376046877791 
445,999999999993 40,6613430067845 
446,199999999993 40,5287499377304 
446,399999999993 41,3420758818764 
446,599999999993 40,0850484688324 
446,799999999993 40,4108413591413 
446,999999999993 39,8346408718589 
447,199999999993 39,9742867222591 
447,399999999993 40,1008650262546 
447,599999999993 39,7391484346224 
447,799999999993 41,456799147982 
447,999999999993 40,2056996197682 
448,199999999993 41,4239416849187 
448,399999999993 39,9166898397672 
448,599999999993 40,2321039562716 
448,799999999993 39,6425387882955 
448,999999999993 38,2805226321225 
449,199999999993 39,2341377214352 
449,399999999993 39,8720986717575 
449,599999999993 39,4549866361295 
449,799999999993 39,2608048740348 
449,999999999993 39,5269153807057 
450,199999999993 38,9545703256747 
450,399999999993 39,0545933846277 
450,599999999993 39,2578133014341 
450,799999999993 38,8989420188585 
450,999999999993 39,1826564955193 
451,199999999993 38,0794006356076 
451,399999999993 38,587699702411 
451,599999999993 39,1275520441421 
451,799999999993 40,1603422197678 
451,999999999993 38,4794095092033 
452,199999999993 37,4626627930688 
452,399999999993 37,4125785161379 
452,599999999993 37,8845341398609 
452,799999999993 38,3761144651274 
452,999999999993 38,5548055863234 
453,199999999993 38,3546161652464 
453,399999999993 37,5117158102254 
453,599999999993 37,6758879424808 
453,799999999993 37,654838064836 
453,999999999993 37,2912897771185 
454,199999999993 37,8724209995409 
454,399999999993 36,8162714586739 
454,599999999993 38,6098949274924 
454,799999999993 36,4148368269276 
454,999999999993 37,6745786897343 
455,199999999993 38,2325106421027 
455,399999999993 37,4874990260329 
455,599999999993 35,8428168656387 
455,799999999993 36,0959849628569 
455,999999999993 36,6629472372879 
456,199999999993 36,0597997060392 
456,399999999993 35,7787804080213 
456,599999999993 37,0081077712749 
456,799999999993 36,6094520701842 
456,999999999993 36,0631640047671 
457,199999999993 36,2698181018909 
457,399999999993 35,2854688152142 
457,599999999993 35,9948177083594 
457,799999999993 36,1557939044104 
457,999999999993 37,1784339698249 
458,199999999993 35,4932153200347 
458,399999999993 35,6552553076599 
458,599999999993 34,417263903551 
458,799999999993 34,2066761597546 
458,999999999993 35,0962117420584 
459,199999999993 34,366108726392 
459,399999999993 34,7401334072475 
459,599999999993 33,2942207644738 
459,799999999993 34,7196938852388 
459,999999999993 35,727763013653 
460,199999999993 34,9049994110988 
460,399999999993 34,5524369270529 
460,599999999993 34,5919450310009 
460,799999999993 34,1523816486246 
460,999999999993 33,8627800028777 
461,199999999993 33,6459657092869 
461,399999999993 34,2047282045374 
461,599999999993 33,5178545407146 
461,799999999993 33,5600089819694 
461,999999999993 34,171264893909 
462,199999999993 33,2495831125621 
462,399999999993 32,826470176117 
462,599999999993 32,8980757567366 
462,799999999993 32,9070809560606 
462,999999999992 33,9273231187013 
463,199999999992 33,5414889531138 
463,399999999992 32,3114824642653 
463,599999999992 31,8232189237321 
463,799999999992 31,5860679410816 
463,999999999992 33,2886412972059 
464,199999999992 32,7800062311046 
464,399999999992 31,7342199090024 
464,599999999992 32,3110347034751 
464,799999999992 32,7763665629258 
464,999999999992 31,3614841007322 
465,199999999992 32,084104402576 
465,399999999992 31,2221308595545 
465,599999999992 30,7630275615864 
465,799999999992 30,0374047724577 
465,999999999992 30,5832763262121 
466,199999999992 30,9544685821779 
466,399999999992 30,4071442282804 
466,599999999992 31,0945344742767 
466,799999999992 30,6325420435209 
466,999999999992 30,6305249049264 
467,199999999992 29,9370024534141 
467,399999999992 29,7024955940894 
467,599999999992 29,7742889207997 
467,799999999992 30,9881515260191 
467,999999999992 30,5544455417619 
468,199999999992 29,5994514581698 
468,399999999992 29,9067225793313 
468,599999999992 29,3323421792564 
468,799999999992 29,9997238435283 
468,999999999992 28,3343568647187 
469,199999999992 28,2941692403321 
469,399999999992 29,2521067393765 
469,599999999992 28,2283776033681 
469,799999999992 28,8191839081525 
469,999999999992 29,0977519479967 
470,199999999992 28,5223338848087 
470,399999999992 28,3426286076748 
470,599999999992 28,425252044056 
470,799999999992 28,2793330038984 
470,999999999992 27,8723429377545 
471,199999999992 28,0240398335931 
471,399999999992 28,4174906930756 
471,599999999992 27,8779029069016 
471,799999999992 27,7791808713382 
471,999999999992 28,479239466216 
472,199999999992 27,2874159328063 
472,399999999992 26,8951686775009 
472,599999999992 26,5642368263026 
472,799999999992 26,8276530593969 
472,999999999992 26,2063380898995 
473,199999999992 26,4151753697131 
473,399999999992 27,2419965578271 
473,599999999992 26,8804311391419 
473,799999999992 24,8142163831397 
473,999999999992 26,1803559158091 
474,199999999992 26,1578281105548 
474,399999999992 26,2354547551868 
474,599999999992 25,521061565266 
474,799999999992 25,5468039899063 
474,999999999992 26,5172013555853 
475,199999999992 26,5161094632172 
475,399999999992 25,555334484136 
475,599999999992 25,7959040438526 
475,799999999992 25,3058082987538 
475,999999999992 25,3958828519802 
476,199999999992 24,7313730677863 
476,399999999992 25,0214699406114 
476,599999999992 24,5596721487981 
476,799999999992 24,9877032588466 
476,999999999992 25,2862378666881 
477,199999999992 25,1271421114016 
477,399999999992 24,1208291980735 
477,599999999992 24,6923288542843 
477,799999999992 24,2541738060612 
477,999999999992 23,4009971391124 
478,199999999992 23,9470435686383 
478,399999999992 23,9435041432161 
478,599999999992 24,2626629817862 
478,799999999992 23,556360001893 
478,999999999992 23,5514652005315 
479,199999999992 23,7958628563973 
479,399999999992 23,0117628427032 
479,599999999992 23,7155081354598 
479,799999999992 23,137739002697 
479,999999999992 24,2143751967087 
480,199999999992 23,152078295344 
480,399999999992 22,6977592559354 
480,599999999991 22,5729549360417 
480,799999999991 23,0979486482849 
480,999999999991 22,5076153240832 
481,199999999991 22,3556068084718 
481,399999999991 22,1131722447819 
481,599999999991 22,0634489163313 
481,799999999991 21,0786770570761 
481,999999999991 21,8120994808747 
482,199999999991 21,6980806761664 
482,399999999991 20,9995354174516 
482,599999999991 20,5405996374952 
482,799999999991 21,1124665022988 
482,999999999991 22,0171919519767 
483,199999999991 21,3011155981836 
483,399999999991 20,9202111410708 
483,599999999991 20,8943513279507 
483,799999999991 19,6357195369295 
483,999999999991 20,5439764678744 
484,199999999991 21,2862516841568 
484,399999999991 20,9173404936222 
484,599999999991 20,0921840807217 
484,799999999991 20,349730710363 
484,999999999991 20,1098973206286 
485,199999999991 19,5990333445986 
485,399999999991 19,04607892736 
485,599999999991 20,1279239299341 
485,799999999991 20,0461489710409 
485,999999999991 19,6310017817206 
486,199999999991 19,2876565113659 
486,399999999991 19,3063846393172 
486,599999999991 18,9169837654984 
486,799999999991 19,5019945013023 
486,999999999991 18,9168627649162 
487,199999999991 18,9499194675801 
487,399999999991 19,3924713202912 
487,599999999991 19,4870865523209 
487,799999999991 18,9786991806742 
487,999999999991 17,795606701253 
488,199999999991 17,9932380378844 
488,399999999991 19,0574738795844 
488,599999999991 18,2754332624228 
488,799999999991 17,3532343387668 
488,999999999991 18,4927002587317 
489,199999999991 18,1480568394832 
489,399999999991 17,7281932691685 
489,599999999991 17,6490075121749 
489,799999999991 17,4920278566044 
489,999999999991 16,9219414544455 
490,199999999991 16,5309780092117 
490,399999999991 17,6391452947022 
490,599999999991 17,3699864243851 
490,799999999991 17,2758003804102 
490,999999999991 16,1114946815683 
491,199999999991 16,1473119484308 
491,399999999991 17,0791969368269 
491,599999999991 16,8770983641603 
491,799999999991 16,9227885738424 
491,999999999991 16,7428756093017 
492,199999999991 16,7118854191859 
492,399999999991 16,7651084292961 
492,599999999991 16,1819839359202 
492,799999999991 16,4307539914641 
492,999999999991 16,5933631417784 
493,199999999991 15,5375479616222 
493,399999999991 16,4445528295456 
493,599999999991 15,829261774839 
493,799999999991 14,8935254687684 
493,999999999991 14,3165678460575 
494,199999999991 15,3413138005739 
494,399999999991 15,8250635971004 
494,599999999991 16,4627615708983 
494,799999999991 16,6196154197351 
494,999999999991 16,0042813401649 
495,199999999991 15,2899090960169 
495,399999999991 15,1391405337562 
495,599999999991 15,1643672628785 
495,799999999991 15,6381714273649 
495,999999999991 14,5577436509891 
496,199999999991 14,568724063647 
496,399999999991 13,8453193869252 
496,599999999991 14,7942563800005 
496,799999999991 14,488368939581 
496,999999999991 14,5140020728333 
497,199999999991 14,8464959012464 
497,399999999991 14,5474579544476 
497,599999999991 14,0825270396834 
497,799999999991 14,010249018328 
497,999999999991 14,4822333087526 
498,19999999999 14,1969174192041 
498,39999999999 13,7091865390817 
498,59999999999 14,3573519261845 
498,79999999999 14,078411642613 
498,99999999999 13,2435925558241 
499,19999999999 13,8080716211313 
499,39999999999 13,1796564296282 
499,59999999999 13,0205756622975 
499,79999999999 12,9288435818986 
499,99999999999 12,5412694841456 
500,19999999999 11,5790398864323 
500,39999999999 12,295535945239 
500,59999999999 12,5589267740662 
500,79999999999 13,1638454898035 
500,99999999999 13,7182811075752 
501,19999999999 13,1408502763969 
501,39999999999 13,4066107733387 
501,59999999999 13,0741791718118 
501,79999999999 12,871938801337 
501,99999999999 12,3419495082444 
502,19999999999 11,9173725646871 
502,39999999999 11,7926021433177 
502,59999999999 13,5235857427471 
502,79999999999 12,5273739205621 
502,99999999999 12,2071097887236 
503,19999999999 12,8304386889164 
503,39999999999 12,5185614297817 
503,59999999999 11,6370908638545 
503,79999999999 12,293199084548 
503,99999999999 12,4973297153369 
504,19999999999 12,5222782621347 
504,39999999999 12,3810601153285 
504,59999999999 12,3788381315567 
504,79999999999 13,3555777032174 
504,99999999999 11,784091185266 
505,19999999999 11,5571506792247 
505,39999999999 10,9348795851044 
505,59999999999 12,0660957566328 
505,79999999999 11,4727091920116 
505,99999999999 11,9507656963553 
506,19999999999 10,9865110232116 
506,39999999999 10,7312676428735 
506,59999999999 11,833882092719 
506,79999999999 10,816163410242 
506,99999999999 11,5894128300159 
507,19999999999 11,8892730112863 
507,39999999999 11,7948222253556 
507,59999999999 11,5196464381733 
507,79999999999 10,8035362504398 
507,99999999999 10,1719160973515 
508,19999999999 10,756898871302 
508,39999999999 11,0863339464037 
508,59999999999 10,0989359418791 
508,79999999999 12,3769966150905 
508,99999999999 12,5061460382158 
509,19999999999 11,8128758090318 
509,39999999999 10,5137742420662 
509,59999999999 10,2709189497219 
509,79999999999 10,765231480819 
509,99999999999 12,2998857585353 
510,19999999999 11,7210628188862 
510,39999999999 10,2474704421044 
510,59999999999 10,4619924609592 
510,79999999999 11,0158415880489 
510,99999999999 12,2306508783931 
511,19999999999 11,1156572551432 
511,39999999999 9,68067839630316 
511,59999999999 9,61745940598481 
511,79999999999 10,7688836081972 
511,99999999999 11,515737218567 
512,19999999999 11,7557573694533 
512,39999999999 10,9187537907551 
512,59999999999 10,7393968231972 
512,79999999999 12,9870393429572 
512,99999999999 13,4535882727477 
513,19999999999 11,1495345929692 
513,39999999999 10,0790201211294 
513,59999999999 9,83116268123744 
513,79999999999 10,9297314503156 
513,99999999999 12,2876887015241 
514,19999999999 11,7605885414335 
514,39999999999 9,91232051792719 
514,59999999999 10,0822126791361 
514,79999999999 11,0788060040798 
514,99999999999 12,2613180539691 
515,19999999999 13,299303515217 
515,39999999999 12,8707168894284 
515,59999999999 10,4663305330081 
515,799999999991 9,88938350425704 
515,999999999991 11,0033586904849 
516,199999999991 12,2618720702472 
516,399999999991 11,9822221262383 
516,599999999991 11,5549368947132 
516,799999999991 10,6074405747624 
516,999999999991 9,81484018143165 
517,199999999991 11,202426714297 
517,399999999991 11,3986801833422 
517,599999999991 11,9086133902322 
517,799999999991 12,433870190249 
517,999999999991 12,0271729933561 
518,199999999991 9,34087515706453 
518,399999999991 9,55008707719241 
518,599999999991 11,284120499117 
518,799999999991 11,693428351875 
518,999999999991 13,4554292155196 
519,199999999991 13,3141695024016 
519,399999999991 11,2662130904257 
519,599999999991 9,20436918968795 
519,799999999991 10,4920138834178 
519,999999999991 11,217479197529 
520,199999999992 11,5320822216031 
520,399999999992 11,7395471532418 
520,599999999992 12,2885183255509 
520,799999999992 11,1627077071409 
520,999999999992 8,05841823734919 
521,199999999992 8,83241217917635 
521,399999999992 10,1775951295647 
521,599999999992 10,5724020463199 
521,799999999992 11,6204792712491 
521,999999999992 12,8481842948443 
522,199999999992 10,7199086075201 
522,399999999992 8,88498732031625 
522,599999999992 8,5528752615899 
522,799999999992 9,85753309225854 
522,999999999992 10,5590631012621 
523,199999999992 12,7422660204974 
523,399999999992 13,9247993443757 
523,599999999992 13,8776073014458 
523,799999999992 11,2393290167048 
523,999999999992 8,41069594095651 
524,199999999992 9,75233926649038 
524,399999999992 10,010323187433 
524,599999999993 10,6837245214938 
524,799999999993 12,1587685748273 
524,999999999993 13,5727966243604 
525,199999999993 14,0278943146663 
525,399999999993 11,4673299120378 
525,599999999993 7,9922464658678 
525,799999999993 8,42783992420093 
525,999999999993 9,04191680181964 
526,199999999993 10,0345736071892 
526,399999999993 11,0866979324082 
526,599999999993 11,8859087495565 
526,799999999993 12,673600770633 
526,999999999993 13,1281383328229 
527,199999999993 10,6470522944102 
527,399999999993 8,79390269930196 
527,599999999993 9,78527444734786 
527,799999999993 10,6271517896798 
527,999999999993 11,6067938304803 
528,199999999993 12,150164975342 
528,399999999993 13,1306881275072 
528,599999999993 13,9978283437705 
528,799999999993 12,324022057368 
528,999999999994 8,38486682628726 
529,199999999994 7,35751986296501 
529,399999999994 10,0261474572106 
529,599999999994 10,7653873714465 
529,799999999994 11,1922564333451 
529,999999999994 12,6034450100013 
530,199999999994 14,5003063096845 
530,399999999994 15,9559250823507 
530,599999999994 14,0236619212185 
530,799999999994 8,99756931946689 
530,999999999994 8,84440792821636 
531,199999999994 10,4358988134824 
531,399999999994 11,0865998748473 
531,599999999994 11,7893134859003 
531,799999999994 12,8695456785428 
531,999999999994 15,8625868993045 
532,199999999994 16,6274262671918 
532,399999999994 16,7910773709893 
532,599999999994 12,8483071147096 
532,799999999994 8,26459361240627 
532,999999999994 8,86801208011028 
533,199999999994 11,2813244023966 
533,399999999995 13,0687630978007 
533,599999999995 13,7183467119199 
533,799999999995 15,3238248747299 
533,999999999995 16,8680278601089 
534,199999999995 16,5400593095773 
534,399999999995 15,3729891006665 
534,599999999995 11,7324139664658 
534,799999999995 8,54180758577704 
534,999999999995 9,57736659151292 
535,199999999995 11,563703939206 
535,399999999995 13,3855584773781 
535,599999999995 14,5023977278284 
535,799999999995 15,0338586623103 
535,999999999995 15,4832101111417 
536,199999999995 16,9628636405581 
536,399999999995 17,9603501591717 
536,599999999995 14,4985066856689 
536,799999999995 9,17712398917054 
536,999999999995 9,74966297483883 
537,199999999995 11,6934294222416 
537,399999999995 11,5862626623352 
537,599999999995 12,0454497157254 
537,799999999996 12,917549057737 
537,999999999996 13,9332576508157 
538,199999999996 16,135467860911 
538,399999999996 18,5720421508444 
538,599999999996 16,8250959501998 
538,799999999996 11,2355025674007 
538,999999999996 8,00319952114339 
539,199999999996 8,43087781698042 
539,399999999996 9,31595863242095 
539,599999999996 10,9071029348623 
539,799999999996 14,0417901193605 
539,999999999996 15,273860122991 
540,199999999996 16,7283329231226 
540,399999999996 17,8152830107695 
540,599999999996 17,662267131177 
540,799999999996 15,3212580632278 
540,999999999996 10,8820059974449 
541,199999999996 8,27580992407542 
541,399999999996 9,38261587536688 
541,599999999996 10,7502311517527 
541,799999999996 11,1107879622269 
541,999999999996 11,9723534865449 
542,199999999997 12,8699153363363 
542,399999999997 15,0849053792386 
542,599999999997 17,7807540396722 
542,799999999997 17,4859014340122 
542,999999999997 16,5983823955209 
543,199999999997 12,9234653764626 
543,399999999997 7,82061169295637 
543,599999999997 8,07663172387882 
543,799999999997 10,2410175455731 
543,999999999997 10,8066422112472 
544,199999999997 13,0159978754592 
544,399999999997 14,9495654045099 
544,599999999997 16,104387191234 
544,799999999997 16,5848979691204 
544,999999999997 15,8959960019501 
545,199999999997 16,0779124763705 
545,399999999997 16,5938883123754 
545,599999999997 12,4553092650399 
545,799999999997 8,08332596884889 
545,999999999997 9,93226521459484 
546,199999999997 11,2287812954942 
546,399999999997 11,6194450914491 
546,599999999998 13,9643816740137 
546,799999999998 15,0913528686737 
546,999999999998 16,3435111414544 
547,199999999998 16,8473166861124 
547,399999999998 16,2748847128395 
547,599999999998 16,8941388073756 
547,799999999998 18,5364693641946 
547,999999999998 15,6854432568388 
548,199999999998 10,2170349687736 
548,399999999998 10,4455068555093 
548,599999999998 11,9191327245123 
548,799999999998 12,8972480108767 
548,999999999998 14,4025364647893 
549,199999999998 16,6694516490651 
549,399999999998 16,7823662951758 
549,599999999998 16,2444437467112 
549,799999999998 16,1592864666671 
549,999999999998 17,629547831148 
550,199999999998 19,3503707981181 
550,399999999998 18,3485770764505 
550,599999999998 12,8701514489068 
550,799999999998 11,7410730840195 
550,999999999999 13,0663502590427 
551,199999999999 14,1160123482733 
551,399999999999 15,4019078135856 
551,599999999999 16,7633816851501 
551,799999999999 17,4950420218848 
551,999999999999 16,7044235433481 
552,199999999999 16,5930141616966 
552,399999999999 17,2898820354231 
552,599999999999 18,5959412136303 
552,799999999999 20,1212834099513 
552,999999999999 19,399817171174 
553,199999999999 14,3064607559323 
553,399999999999 12,1702845315757 
553,599999999999 13,8449621343833 
553,799999999999 15,7710196052947 
553,999999999999 17,6949414733596 
554,199999999999 19,7513386605729 
554,399999999999 19,2387120764123 
554,599999999999 17,1636169471835 
554,799999999999 17,1783329990112 
554,999999999999 18,452415819502 
555,199999999999 19,3544529742027 
555,4 20,7980119346317 
555,6 21,6220223270456 
555,8 18,7118073720748 
556 13,7856682033228 
556,2 13,8983407232558 
556,4 16,1197558210288 
556,6 18,2530794248155 
556,8 19,4191496362525 
557 19,5005660184979 
557,2 17,5222959462603 
557,4 16,8216833895557 
557,6 18,3059386791144 
557,8 20,1375666543382 
558 21,253188909436 
558,2 22,1680267470211 
558,4 23,1817302712661 
558,6 17,924858554965 
558,8 15,5576880403936 
559 17,4465377936464 
559,2 18,6986603007048 
559,4 19,6930683172244 
559,6 20,6718645991949 
559,800000000001 18,1714126949081 
560,000000000001 16,0495334895101 
560,200000000001 17,3031883635944 
560,400000000001 19,0079910753873 
560,600000000001 20,9029684439453 
560,800000000001 21,7195564709059 
561,000000000001 23,2656343256027 
561,200000000001 25,4800718602733 
561,400000000001 23,7562771965636 
561,600000000001 19,3087451486155 
561,800000000001 18,9186034385589 
562,000000000001 20,3875772315272 
562,200000000001 21,5275311845685 
562,400000000001 21,0664955567649 
562,600000000001 17,415132108764 
562,800000000001 15,9712125511819 
563,000000000001 17,6623838811018 
563,200000000001 18,9210996950523 
563,400000000001 20,0401847216878 
563,600000000001 22,2068559452303 
563,800000000001 24,3456613747178 
564,000000000001 26,1019472954332 
564,200000000002 26,9767396994361 
564,400000000002 24,5980531974933 
564,600000000002 21,3275864892439 
564,800000000002 21,50713214993 
565,000000000002 23,4661135459267 
565,200000000002 23,5820961184611 
565,400000000002 18,953121664072 
565,600000000002 15,5894618943975 
565,800000000002 16,9504596245081 
566,000000000002 18,833271696878 
566,200000000002 20,8232296931221 
566,400000000002 22,920122225761 
566,600000000002 24,2113036528884 
566,800000000002 25,1719038425747 
567,000000000002 26,2015893827547 
567,200000000002 27,4833646475909 
567,400000000002 27,7632463105534 
567,600000000002 24,5249899817873 
567,800000000002 23,0355660607056 
568,000000000002 25,0461199318707 
568,200000000002 23,8704851484885 
568,400000000002 19,0700295507115 
568,600000000003 16,9571134572423 
568,800000000003 18,640920561491 
569,000000000003 20,9555507465689 
569,200000000003 22,2943206238159 
569,400000000003 23,8027927815433 
569,600000000003 25,7897600932716 
569,800000000003 26,8628101311934 
570,000000000003 28,2196912837809 
570,200000000003 29,8225508795304 
570,400000000003 30,3825684021557 
570,600000000003 28,4340308010439 
570,800000000003 26,2222304136638 
571,000000000003 27,0727610495439 
571,200000000003 25,9234325484511 
571,400000000003 21,3073992272445 
571,600000000003 18,4057638369692 
571,800000000003 19,6777559342355 
572,000000000003 22,0011145773089 
572,200000000003 22,1977844411188 
572,400000000003 24,3470695374263 
572,600000000003 25,9083110082352 
572,800000000003 27,2350993262793 
573,000000000004 28,6968813898614 
573,200000000004 29,7421716971402 
573,400000000004 30,6661547496899 
573,600000000004 32,0348484496557 
573,800000000004 31,4322742867764 
574,000000000004 29,4694974478353 
574,200000000004 29,392084711542 
574,400000000004 26,8445705702046 
574,600000000004 21,7355044473734 
574,800000000004 21,4071202402263 
575,000000000004 23,1123511358754 
575,200000000004 23,255732455114 
575,400000000004 23,4453043301282 
575,600000000004 24,2963130896938 
575,800000000004 25,8673847056592 
576,000000000004 27,6724541714708 
576,200000000004 28,7463279691506 
576,400000000004 30,3020553978943 
576,600000000004 32,1492629451323 
576,800000000004 33,5814539944905 
577,000000000004 35,056772417621 
577,200000000004 34,4817331799264 
577,400000000005 32,9488152551069 
577,600000000005 30,0830669202676 
577,800000000005 24,8109179690913 
578,000000000005 23,2042265849057 
578,200000000005 24,4386637314052 
578,400000000005 24,4690131638826 
578,600000000005 24,950208997228 
578,800000000005 25,8882040063791 
579,000000000005 27,5025578170418 
579,200000000005 29,5647774263311 
579,400000000005 30,7764154195511 
579,600000000005 32,2745810235066 
579,800000000005 33,3730336074666 
580,000000000005 34,5973085608293 
580,200000000005 35,9384659311681 
580,400000000005 36,6123984681921 
580,600000000005 36,7076771139237 
580,800000000005 34,8994200286715 
581,000000000005 30,097999160729 
581,200000000005 26,5307331489892 
581,400000000005 26,7303989080908 
581,600000000005 25,6064406753616 
581,800000000006 25,2791370817389 
582,000000000006 26,8727789721799 
582,200000000006 28,705378267508 
582,400000000006 30,0317217055922 
582,600000000006 31,1096388893611 
582,800000000006 32,8759347162058 
583,000000000006 34,82753579532 
583,200000000006 35,8395778285046 
583,400000000006 36,4441026777131 
583,600000000006 37,5164960618861 
583,800000000006 38,6507494153118 
584,000000000006 39,5366918055169 
584,200000000006 39,4626026550735 
584,400000000006 34,9761023085205 
584,600000000006 30,3133597679956 
584,800000000006 28,0732057403239 
585,000000000006 26,6797755505515 
585,200000000006 27,0566609861444 
585,400000000006 28,7936718848158 
585,600000000006 30,2324202908534 
585,800000000006 31,6704907219917 
586,000000000006 33,7341950625321 
586,200000000007 34,8797009806298 
586,400000000007 36,2651115560865 
586,600000000007 36,9330898098855 
586,800000000007 37,5657407835155 
587,000000000007 38,5892665965884 
587,200000000007 40,0200947480183 
587,400000000007 41,1020427447364 
587,600000000007 42,0155045974531 
587,800000000007 41,4957863638937 
588,000000000007 36,6870106676627 
588,200000000007 30,7687403969788 
588,400000000007 28,2074375581942 
588,600000000007 28,5617540235768 
588,800000000007 30,0924565668569 
589,000000000007 31,7591254363456 
589,200000000007 33,2680365622292 
589,400000000007 34,4189924872017 
589,600000000007 35,6298136056469 
589,800000000007 36,9985422750706 
590,000000000007 37,8035242870826 
590,200000000007 38,942976398695 
590,400000000007 40,470384278727 
590,600000000008 41,706159418495 
590,800000000008 42,3562730141888 
591,000000000008 43,0372625811629 
591,200000000008 44,0611703986232 
591,400000000008 44,2910455896379 
591,600000000008 39,7412280862457 
591,800000000008 32,9169826936499 
592,000000000008 30,118196274743 
592,200000000008 30,8752437373831 
592,400000000008 32,1824233723109 
592,600000000008 33,5407778976742 
592,800000000008 35,1653658167675 
593,000000000008 36,4956640668478 
593,200000000008 37,5120364747068 
593,400000000008 38,6631404268954 
593,600000000008 39,8968431767321 
593,800000000008 40,979578356398 
594,000000000008 41,9657977443516 
594,200000000008 42,9801680393762 
594,400000000008 44,101653995808 
594,600000000008 45,1202468091837 
594,800000000008 45,7387361031305 
595,000000000009 46,283339724776 
595,200000000009 45,919046160425 
595,400000000009 34,0761487512914 
595,600000000009 32,6378142978885 
595,800000000009 32,499974067059 
596,000000000009 33,4767477105036 
596,200000000009 35,0801721497532 
596,400000000009 36,6163506172015 
596,600000000009 37,6738209985327 
596,800000000009 38,9455021237949 
597,000000000009 40,20436872012 
597,200000000009 41,4586160817748 
597,400000000009 42,7887774794425 
597,600000000009 43,1586729336914 
597,800000000009 44,0862632207682 
598,000000000009 45,0180174794492 
598,200000000009 45,9782710765014 
598,400000000009 46,6525079289152 
598,600000000009 47,1353478081929 
598,800000000009 48,0203953315624 
599,000000000009 45,6899530848695 
599,200000000009 38,3410418257421 
599,40000000001 34,3272947648011 
599,60000000001 35,1728553660334 
599,80000000001 36,4842704649146 
600,00000000001 37,6332373434769 
600,20000000001 38,829411873943 
600,40000000001 40,0222011353982 
600,60000000001 41,1940315739593 
600,80000000001 42,0785520955224 
601,00000000001 43,114242126178 
601,20000000001 44,0879112712482 
601,40000000001 45,0750899159547 
601,60000000001 46,0131908090301 
601,80000000001 46,7472640171948 
602,00000000001 47,565969831394 
602,20000000001 48,2130145382553 
602,40000000001 48,7575724981932 
602,60000000001 49,5465333538854 
602,80000000001 48,7775490573354 
603,00000000001 42,228068349081 
603,20000000001 37,3395200395605 
603,40000000001 37,3279901232728 
603,60000000001 38,1481207094913 
603,800000000011 39,3128978759283 
604,000000000011 40,7750332688755 
604,200000000011 42,1204439718093 
604,400000000011 42,9781033336409 
604,600000000011 43,792924360279 
604,800000000011 44,8284156760206 
605,000000000011 45,5982698276533 
605,200000000011 46,4815966319216 
605,400000000011 47,2245543897519 
605,600000000011 48,1866495094858 
605,800000000011 49,1100729588937 
606,000000000011 49,4297823970471 
606,200000000011 49,9901198876038 
606,400000000011 50,3987022157624 
606,600000000011 50,4950227280875 
606,800000000011 46,865755263099 
607,000000000011 41,7956728750316 
607,200000000011 40,0519239054217 
607,400000000011 40,218328163628 
607,600000000011 41,3624040707773 
607,800000000011 42,2827850114146 
608,000000000011 43,1873001758275 
608,200000000012 44,4593710564593 
608,400000000012 45,3626190622178 
608,600000000012 46,0843979511659 
608,800000000012 46,8456247158329 
609,000000000012 47,6372109399554 
609,200000000012 48,018263894427 
609,400000000012 49,2878538189904 
609,600000000012 49,5028692078071 
609,800000000012 49,9912543012041 
610,000000000012 50,6466462728454 
610,200000000012 50,8701227220385 
610,400000000012 51,40935585581 
610,600000000012 50,5780682516459 
610,800000000012 46,6945668065785 
611,000000000012 42,7349314483198 
611,200000000012 42,2658148749323 
611,400000000012 43,022434298895 
611,600000000012 43,5429622196243 
611,800000000012 44,8111729052179 
612,000000000012 45,1752503245248 
612,200000000012 45,6362681263612 
612,400000000012 46,8476050936858 
612,600000000013 47,767292998055 
612,800000000013 48,6661465118555 
613,000000000013 49,1962846591069 
613,200000000013 49,6427002595046 
613,400000000013 49,9907440476758 
613,600000000013 50,9291364985049 
613,800000000013 51,4725984921354 
614,000000000013 51,8650124389941 
614,200000000013 52,2606705282206 
614,400000000013 52,5122580644231 
614,600000000013 51,7722017062753 
614,800000000013 48,7518410783469 
615,000000000013 46,3257801570869 
615,200000000013 44,9932011534402 
615,400000000013 44,7054114595837 
615,600000000013 45,2946260025938 
615,800000000013 46,2537934504798 
616,000000000013 47,2142425929258 
616,200000000013 47,9276756712454 
616,400000000013 48,4919004936499 
616,600000000013 48,8815457561551 
616,800000000013 49,5991950606534 
617,000000000014 50,133227932422 
617,200000000014 50,6836964520955 
617,400000000014 50,7863317651477 
617,600000000014 51,7388105492358 
617,800000000014 52,3094716010165 
618,000000000014 52,0359489603222 
618,200000000014 52,7754638263792 
618,400000000014 53,0167204762661 
618,600000000014 52,5245534374026 
618,800000000014 51,0413899398753 
619,000000000014 47,8392591646774 
619,200000000014 47,1202960734745 
619,400000000014 47,2367497804066 
619,600000000014 46,8758194050728 
619,800000000014 47,5250210132611 
620,000000000014 47,847908252044 
620,200000000014 48,4533856285003 
620,400000000014 49,4557627914817 
620,600000000014 50,0899230978826 
620,800000000014 50,607494975459 
621,000000000014 51,205799131438 
621,200000000014 51,4713031974555 
621,400000000015 51,9021928262754 
621,600000000015 52,3644512163853 
621,800000000015 52,8508777803466 
622,000000000015 53,1325409957842 
622,200000000015 53,6228703584512 
622,400000000015 53,8132342784627 
622,600000000015 53,4822229497852 
622,800000000015 52,4849803486598 
623,000000000015 51,6397841665255 
623,200000000015 50,4512809360115 
623,400000000015 48,3820724130484 
623,600000000015 48,7721919633967 
623,800000000015 49,164878282041 
624,000000000015 49,2705858160468 
624,200000000015 49,5277135784515 
624,400000000015 50,1792521112845 
624,600000000015 50,5170481169452 
624,800000000015 50,9514690788195 
625,000000000015 51,3493532413733 
625,200000000015 51,762886456812 
625,400000000015 52,2211158883052 
625,600000000015 52,4164680638988 
625,800000000016 52,8540492675169 
626,000000000016 53,3561607071949 
626,200000000016 53,8375296464452 
626,400000000016 53,9702595986561 
626,600000000016 54,115445783663 
626,800000000016 54,01455954903 
627,000000000016 53,1365878636147 
627,200000000016 51,8714371621446 
627,400000000016 51,763653656845 
627,600000000016 51,1285323346658 
627,800000000016 50,2177888924297 
628,000000000016 49,9568174342252 
628,200000000016 50,5358070403959 
628,400000000016 50,7577035326067 
628,600000000016 51,033274959468 
628,800000000016 51,2312256334163 
629,000000000016 51,9288510006396 
629,200000000016 52,6793834131152 
629,400000000016 52,775946597086 
629,600000000016 52,7512992166228 
629,800000000016 53,159327715834 
630,000000000016 53,8020379004207 
630,200000000017 54,0182836750794 
630,400000000017 54,1172983304261 
630,600000000017 54,0977675952848 
630,800000000017 53,8248760821196 
631,000000000017 53,8629157232805 
631,200000000017 54,0128606492031 
631,400000000017 53,9140299976488 
631,600000000017 52,672818533924 
631,800000000017 52,0504221900942 
632,000000000017 52,3005360273374 
632,200000000017 51,7815271868345 
632,400000000017 51,6601463326991 
632,600000000017 51,5805952593225 
632,800000000017 51,7685594033141 
633,000000000017 51,9929301289123 
633,200000000017 52,4504310287996 
633,400000000017 52,7396812100061 
633,600000000017 53,249723909172 
633,800000000017 53,4487542286269 
634,000000000017 53,4366889002783 
634,200000000017 53,7723849759432 
634,400000000017 54,2699481752843 
634,600000000018 54,4715319426489 
634,800000000018 54,4900879608078 
635,000000000018 54,5702126826221 
635,200000000018 54,7689192771224 
635,400000000018 54,2637202875645 
635,600000000018 54,0948226446894 
635,800000000018 54,1436434993296 
636,000000000018 53,1916599096654 
636,200000000018 52,281489551865 
636,400000000018 52,5462476501538 
636,600000000018 53,0260444647374 
636,800000000018 53,3562500779208 
637,000000000018 53,0629925086838 
637,200000000018 52,655790288037 
637,400000000018 53,0380405220659 
637,600000000018 53,3840812725633 
637,800000000018 53,5617088346771 
638,000000000018 53,7308756305236 
638,200000000018 54,1008905156241 
638,400000000018 54,4400723588391 
638,600000000018 54,4296018739249 
638,800000000018 54,8103880805604 
639,000000000019 54,92736925219 
639,200000000019 54,9842119962855 
639,400000000019 54,8835930054574 
639,600000000019 55,0358389653206 
639,800000000019 54,9233449016266 
640,000000000019 54,0661400593606 
640,200000000019 53,6716697656148 
640,400000000019 54,066068346812 
640,600000000019 54,1090789890055 
640,800000000019 53,4500793181928 
641,000000000019 52,9940929010571 
641,200000000019 53,0490616425085 
641,400000000019 53,2000530416387 
641,600000000019 53,6782218573915 
641,800000000019 53,6999905811201 
642,000000000019 53,2961933757846 
642,200000000019 53,7703086538774 
642,400000000019 54,5895325454828 
642,600000000019 54,6893436845111 
642,800000000019 54,6326235520808 
643,000000000019 54,6736358486928 
643,200000000019 54,932684681018 
643,40000000002 54,9497501317352 
643,60000000002 54,8636173748094 
643,80000000002 55,0609138494213 
644,00000000002 55,3262254035662 
644,20000000002 55,2545698666811 
644,40000000002 55,2626790030547 
644,60000000002 54,6498674407567 
644,80000000002 54,0849501392309 
645,00000000002 54,2381378185347 
645,20000000002 54,1731974631966 
645,40000000002 54,2451973125375 
645,60000000002 53,9798580328679 
645,80000000002 53,9439572270907 
646,00000000002 54,098975229829 
646,20000000002 54,3064870540341 
646,40000000002 54,5172098655593 
646,60000000002 54,5402185355595 
646,80000000002 54,6484919379328 
647,00000000002 54,8837722416755 
647,20000000002 54,9166528640252 
647,40000000002 54,8054404404737 
647,60000000002 54,8449553175805 
647,800000000021 55,249426579334 
648,000000000021 55,1374014672836 
648,200000000021 54,9696534362005 
648,400000000021 54,8826786403748 
648,600000000021 55,1168026156816 
648,800000000021 55,6261008718854 
649,000000000021 55,3865770227844 
649,200000000021 55,338994342151 
649,400000000021 54,6042372964325 
649,600000000021 54,3188620399692 
649,800000000021 54,4423925102394 
650,000000000021 54,737218481241 
650,200000000021 54,9329939334655 
650,400000000021 54,8235826289791 
650,600000000021 54,742589861745 
650,800000000021 54,6981366179618 
651,000000000021 54,6765213286992 
651,200000000021 54,8473861918742 
651,400000000021 55,1277309725228 
651,600000000021 55,3802345110307 
651,800000000021 55,0858901765431 
652,000000000021 55,2443882849719 
652,200000000022 55,4871755279218 
652,400000000022 55,3622534384336 
652,600000000022 55,8349688498607 
652,800000000022 55,8561620650627 
653,000000000022 55,6309453730103 
653,200000000022 55,4846278933802 
653,400000000022 55,909551416587 
653,600000000022 55,5786657942766 
653,800000000022 55,4235828011423 
654,000000000022 55,9229964641731 
654,200000000022 55,5898237777674 
654,400000000022 55,0997848137461 
654,600000000022 54,8320455265983 
654,800000000022 54,8922737448806 
655,000000000022 54,587220644786 
655,200000000022 54,9458570883425 
655,400000000022 55,4991228598334 
655,600000000022 54,9636052914222 
655,800000000022 55,1322841337934 
656,000000000022 54,9692699666734 
656,200000000022 55,6887943794704 
656,400000000022 55,7123564660361 
656,600000000023 55,6026490196119 
656,800000000023 55,6472085415589 
657,000000000023 55,8076790802285 
657,200000000023 56,1222966804619 
657,400000000023 56,0840209931455 
657,600000000023 55,9359331590703 
657,800000000023 55,7936505398817 
658,000000000023 55,9196782678055 
658,200000000023 55,5246056062426 
658,400000000023 54,8490378948441 
658,600000000023 55,4905828128029 
658,800000000023 55,8723613711197 
659,000000000023 55,6779597253777 
659,200000000023 55,9190079441845 
659,400000000023 55,2621508343638 
659,600000000023 55,0412170157579 
659,800000000023 55,4086905659034 
660,000000000023 55,5114070390912 
660,200000000023 55,7078543170199 
660,400000000023 55,74306319995 
660,600000000023 55,3322866267881 
660,800000000023 55,670622104176 
661,000000000024 55,6500582051652 
661,200000000024 55,8758236187005 
661,400000000024 55,9031107255124 
661,600000000024 55,7680602713656 
661,800000000024 55,8602046670158 
662,000000000024 55,852610993525 
662,200000000024 56,0303964557885 
662,400000000024 56,1786864775622 
662,600000000024 55,8849642093549 
662,800000000024 55,8553430152344 
663,000000000024 55,7178074825973 
663,200000000024 56,2323495263486 
663,400000000024 55,8807129923852 
663,600000000024 55,5385534763673 
663,800000000024 55,757853295074 
664,000000000024 55,43375994061 
664,200000000024 55,980637654131 
664,400000000024 55,8087490459917 
664,600000000024 55,4298151540291 
664,800000000024 55,5732456576203 
665,000000000024 55,5340270250216 
665,200000000024 56,0965293020992 
665,400000000025 56,2077397511513 
665,600000000025 55,9412660364127 
665,800000000025 55,8069423983315 
666,000000000025 56,3003836553197 
666,200000000025 55,8266389817136 
666,400000000025 55,9559704149268 
666,600000000025 56,204696459696 
666,800000000025 56,2875957627146 
667,000000000025 56,6340613425759 
667,200000000025 56,4619206865495 
667,400000000025 55,6903494908622 
667,600000000025 55,4194514739555 
667,800000000025 56,3139392834859 
668,000000000025 56,2862098944733 
668,200000000025 56,5320874543563 
668,400000000025 56,7199693179493 
668,600000000025 56,0404554519722 
668,800000000025 55,6793061150423 
669,000000000025 55,6330414196318 
669,200000000025 56,4144598119629 
669,400000000025 56,1314262720402 
669,600000000025 55,8944085201399 
669,800000000026 56,0255216835365 
670,000000000026 55,8242643012243 
670,200000000026 56,6342766796943 
670,400000000026 56,5678168002611 
670,600000000026 56,3923903805968 
670,800000000026 56,2905643838378 
671,000000000026 56,2814740418552 
671,200000000026 56,4366767798357 
671,400000000026 56,3598635336076 
671,600000000026 56,4851683891844 
671,800000000026 56,5130525117835 
672,000000000026 56,1870163139492 
672,200000000026 56,3473247760171 
672,400000000026 56,5771645716748 
672,600000000026 56,3700445135057 
672,800000000026 56,5803472768365 
673,000000000026 56,0489605417098 
673,200000000026 56,3416465513155 
673,400000000026 56,3954130632479 
673,600000000026 55,9816384096086 
673,800000000026 56,3097491287148 
674,000000000026 56,1681618146722 
674,200000000027 56,2873401394586 
674,400000000027 56,1438151757323 
674,600000000027 55,9964385650338 
674,800000000027 56,1176107373396 
675,000000000027 56,3054193575883 
675,200000000027 56,2540541232569 
675,400000000027 56,2444974765711 
675,600000000027 56,1111052825566 
675,800000000027 56,4702815808986 
676,000000000027 56,3811838743028 
676,200000000027 56,712409933153 
676,400000000027 56,774479106731 
676,600000000027 56,9261132277244 
676,800000000027 56,3553697915399 
677,000000000027 56,6762470486606 
677,200000000027 56,8502746400116 
677,400000000027 56,8086834767508 
677,600000000027 56,2200347382795 
677,800000000027 56,8214658106041 
678,000000000027 56,2813815825599 
678,200000000027 56,2525210074319 
678,400000000027 56,5427851970447 
678,600000000028 56,8041415126448 
678,800000000028 56,4240483326235 
679,000000000028 56,288732866233 
679,200000000028 56,4856395690002 
679,400000000028 56,5087337733777 
679,600000000028 56,5249389267447 
679,800000000028 56,9646490389265 
680,000000000028 56,4970950919993 
680,200000000028 56,2693535676446 
680,400000000028 56,9587076181419 
680,600000000028 56,4370512564769 
680,800000000028 56,8111161503604 
681,000000000028 56,3246138489755 
681,200000000028 56,3719128709621 
681,400000000028 56,2633621413723 
681,600000000028 56,9041675317657 
681,800000000028 57,0316610203101 
682,000000000028 56,8927782671061 
682,200000000028 56,8069801677761 
682,400000000028 57,0661775555604 
682,600000000028 56,8461319491528 
682,800000000028 56,6768482463942 
683,000000000029 56,7554064508611 
683,200000000029 56,8643613799723 
683,400000000029 57,1044985908283 
683,600000000029 56,4808488817287 
683,800000000029 56,9884159616693 
684,000000000029 56,7938850658248 
684,200000000029 56,9223397597112 
684,400000000029 56,3101217749542 
684,600000000029 56,6601866097631 
684,800000000029 57,5079967621674 
685,000000000029 56,7772568697928 
685,200000000029 57,3335350218821 
685,400000000029 57,0293213504931 
685,600000000029 56,6434953280421 
685,800000000029 56,8541471576835 
686,000000000029 56,7574313132966 
686,200000000029 56,4501104070129 
686,400000000029 57,7299130326939 
686,600000000029 57,0592990205553 
686,800000000029 56,9843685493096 
687,000000000029 56,9251025553976 
687,200000000029 56,9751125946537 
687,40000000003 56,9447650457251 
687,60000000003 56,6633844843521 
687,80000000003 56,955420735845 
688,00000000003 57,0618712933896 
688,20000000003 56,7525529339066 
688,40000000003 57,6056463210469 
688,60000000003 57,1420211312066 
688,80000000003 57,1711165034304 
689,00000000003 57,170282528466 
689,20000000003 57,916017721133 
689,40000000003 57,0028525661848 
689,60000000003 56,5803332421803 
689,80000000003 56,6232339748751 
690,00000000003 56,8216530794593 
690,20000000003 57,1076735049786 
690,40000000003 57,3735472404875 
690,60000000003 57,3769821233835 
690,80000000003 57,8599747605851 
691,00000000003 57,4950847103894 
691,20000000003 57,0294837012052 
691,40000000003 57,6056365997983 
691,60000000003 57,7802287703789 
691,800000000031 56,8804644265445 
692,000000000031 56,803127794283 
692,200000000031 57,7083577975211 
692,400000000031 57,3839182539575 
692,600000000031 56,885754675514 
692,800000000031 56,9732722659521 
693,000000000031 56,7648518447 
693,200000000031 57,4546965448866 
693,400000000031 57,6688619090171 
693,600000000031 57,7486588750148 
693,800000000031 56,7926592418427 
694,000000000031 57,0881735971783 
694,200000000031 57,4692526545338 
694,400000000031 57,1139460344348 
694,600000000031 57,2417447973743 
694,800000000031 57,3920791497835 
695,000000000031 57,1987025348391 
695,200000000031 57,205355762159 
695,400000000031 57,1154835028055 
695,600000000031 57,5377152459886 
695,800000000031 56,8007591433056 
696,000000000031 57,3691231942367 
696,200000000032 57,0812199690448 
696,400000000032 57,357084202261 
696,600000000032 57,8202853927633 
696,800000000032 57,4785364143688 
697,000000000032 57,922011985328 
697,200000000032 57,5134090977046 
697,400000000032 57,5108864790667 
697,600000000032 57,8215563797507 
697,800000000032 57,2451736011949 
698,000000000032 57,0720018500848 
698,200000000032 57,7553367490577 
698,400000000032 57,8550222589506 
698,600000000032 57,8906501658765 
698,800000000032 57,7459491340361 
699,000000000032 57,9022680242283 
699,200000000032 57,3418067137014 
699,400000000032 57,2714179495874 
699,600000000032 57,6151081098321 
699,800000000032 57,2443551391279 
